100
0 6.66831 5.20304 12.2557 2.44593 2.93596 6.5982 12.2557 7.83912 23.6243
6.66831 0 11.2078 6.3212 16.2108 15.1848 1.56395 2.05672 4.23008 7.38906
5.20304 11.2078 0 45.6496 7.68759 13.4637 8.06926 13.8819 4.11325 72.2539
12.2557 6.3212 45.6496 0 22.3055 13.5676 9.78011 11.0232 25.3075 2.28102
2.44593 16.2108 7.68759 22.3055 0 2.05672 16.0947 29.9641 17.1592 46.8559
2.93596 15.1848 13.4637 13.5676 2.05672 0 16.9188 30.1407 22.8853 29.9641
6.5982 1.56395 8.06926 9.78011 16.0947 16.9188 0 1.88223 2.71828 11.4881
12.2557 2.05672 13.8819 11.0232 29.9641 30.1407 1.88223 0 3.82531 10.391
7.83912 4.23008 4.11325 25.3075 17.1592 22.8853 2.71828 3.82531 0 31.216
23.6243 7.38906 72.2539 2.28102 46.8559 29.9641 11.4881 10.391 31.216 0

0 13.5676 1.2214 7.68759 1.3269 9.78011 1.2214 9.10726 4.28886 13.4637
13.5676 0 15.1848 2.77265 14.633 16.9188 11.4881 4.95303 45.6496 1.56395
1.2214 15.1848 0 8.06926 1.56395 8.70007 1.3269 9.02501 3.54278 14.633
7.68759 2.77265 8.06926 0 9.10726 6.11703 6.3212 1.88223 20.0855 2.05672
1.3269 14.633 1.56395 9.10726 0 12.952 1.56395 11.3942 5.01509 15.1848 
9.78011 16.9188 8.70007 6.11703 12.952 0 8.38152 3.54278 9.02501 11.8682
1.2214 11.4881 1.3269 6.3212 1.56395 8.38152 0 7.46313 4.58667 11.2078
9.10726 4.95303 9.02501 1.88223 11.3942 3.54278 7.46313 0 17.5239 3.37553
4.28886 45.6496 3.54278 20.0855 5.01509 9.02501 4.58667 17.5239 0 39.9576
13.4637 1.56395 14.633 2.05672 15.1848 11.8682 11.2078 3.37553 39.9576 0

0 7.83912 3.37553 1.3269 6.5982 2.33621 2.44593 18.3944 4.76859 17.5239
7.83912 0 5.01509 8.61983 1.2214 17.8936 17.1592 23.6243 16.5624 8.70007
3.37553 5.01509 0 2.93596 4.11325 7.16904 8.06926 6.5982 3.32012 5.20304
1.3269 8.61983 2.93596 0 7.16904 2.44593 2.77265 14.4159 3.59889 15.1848
6.5982 1.2214 4.11325 7.16904 0 15.1848 14.7424 20.0855 13.5676 7.83912
2.33621 17.8936 7.16904 2.44593 15.1848 0 1.3269 30.1407 6.3212 36.802
2.44593 17.1592 8.06926 2.77265 14.7424 1.3269 0 37.4181 8.06926 41.9429
18.3944 23.6243 6.5982 14.4159 20.0855 30.1407 37.4181 0 5.01509 4.0552
4.76859 16.5624 3.32012 3.59889 13.5676 6.3212 8.06926 5.01509 0 9.6094
17.5239 8.70007 5.20304 15.1848 7.83912 36.802 41.9429 4.0552 9.6094 0

0 5.98259 10.3024 2.93596 8.70007 4.76859 9.78011 5.58713 8.61983 12.5513
5.98259 0 1.76065 2.05672 19.5547 16.5624 13.5676 1.3269 14.633 5.98259
10.3024 1.76065 0 3.59889 25.9394 24.6862 16.2108 1.88223 18.3944 7.68759
2.93596 2.05672 3.59889 0 13.5676 9.78011 11.1153 2.05672 11.1153 6.3212
8.70007 19.5547 25.9394 13.5676 0 2.22554 2.05672 15.1848 1.56395 84.8361
4.76859 16.5624 24.6862 9.78011 2.22554 0 3.82531 13.4637 2.93596 55.976
9.78011 13.5676 16.2108 11.1153 2.05672 3.82531 0 10.3024 1.3269 69.5914
5.58713 1.3269 1.88223 2.05672 15.1848 13.4637 10.3024 0 11.2078 7.83912
8.61983 14.633 18.3944 11.1153 1.56395 2.93596 1.3269 11.2078 0 70.2499
12.5513 5.98259 7.68759 6.3212 84.8361 55.976 69.5914 7.83912 70.2499 0

0 67.9658 16.9188 38.4615 16.5624 25.1511 9.10726 3.37553 21.315 13.5676
67.9658 0 15.1848 4.95303 8.61983 13.8819 16.0947 22.7394 22.3055 30.675
16.9188 15.1848 0 3.59889 1.82212 1.49182 1.88223 5.52233 57.3797 52.9785
38.4615 4.95303 3.59889 0 2.44593 2.93596 5.01509 11.3942 46.6128 51.6565
16.5624 8.61983 1.82212 2.44593 0 2.05672 2.05672 4.95303 35.1948 34.4105
25.1511 13.8819 1.49182 2.93596 2.05672 0 2.77265 8.06926 72.2539 69.5914
9.10726 16.0947 1.88223 5.01509 2.05672 2.77265 0 2.93596 35.7914 31.216
3.37553 22.7394 5.52233 11.3942 4.95303 8.06926 2.93596 0 17.5239 13.4637
21.315 22.3055 57.3797 46.6128 35.1948 72.2539 35.7914 17.5239 0 1.76065
13.5676 30.675 52.9785 51.6565 34.4105 69.5914 31.216 13.4637 1.76065 0

0 1.76065 1 11.1153 8.70007 2.22554 13.4637 1.49182 3.54278 5.01509
1.76065 0 1.76065 11.4881 8.38152 3.54278 8.06926 2.44593 3.0999 7.46313
1 1.76065 0 11.1153 8.70007 2.22554 13.4637 1.49182 3.54278 5.01509
11.1153 11.4881 11.1153 0 1.49182 7.16904 14.4159 15.1848 35.1948 4.95303
8.70007 8.38152 8.70007 1.49182 0 6.3212 9.78011 12.2557 25.9394 5.20304
2.22554 3.54278 2.22554 7.16904 6.3212 0 20.0855 2.44593 7.68759 2.28102
13.4637 8.06926 13.4637 14.4159 9.78011 20.0855 0 19.5547 16.5624 30.1407
1.49182 2.44593 1.49182 15.1848 12.2557 2.44593 19.5547 0 3.32012 5.52233
3.54278 3.0999 3.54278 35.1948 25.9394 7.68759 16.5624 3.32012 0 17.5239
5.01509 7.46313 5.01509 4.95303 5.20304 2.28102 30.1407 5.52233 17.5239 0

0 2.44593 4.58667 11.4881 2.33621 6.3212 4.23008 11.2078 2.44593 5.20304
2.44593 0 9.78011 4.76859 5.58713 5.52233 2.22554 12.7507 1.76065 5.45786
4.58667 9.78011 0 45.6496 2.22554 7.46313 19.1627 37.4181 11.2078 20.2197
11.4881 4.76859 45.6496 0 26.5823 14.4159 3.37553 22.3055 5.52233 11.1153
2.33621 5.58713 2.22554 26.5823 0 8.06926 9.78011 16.9188 5.58713 9.10726
6.3212 5.52233 7.46313 14.4159 8.06926 0 11.8682 64.1825 9.35647 27.901
4.23008 2.22554 19.1627 3.37553 9.78011 11.8682 0 7.83912 1.76065 3.54278
11.2078 12.7507 37.4181 22.3055 16.9188 64.1825 7.83912 0 7.24201 2.33621
2.44593 1.76065 11.2078 5.52233 5.58713 9.35647 1.76065 7.24201 0 3.0999
5.20304 5.45786 20.2197 11.1153 9.10726 27.901 3.54278 2.33621 3.0999 0

0 7.83912 11.1153 7.83912 8.70007 11.4881 3.0999 2.28102 1.3269 8.38152
7.83912 0 11.4881 18.3944 22.3055 11.1153 23.6243 15.1848 5.98259 25.9394
11.1153 11.4881 0 2.71828 3.20974 80.713 25.9394 9.78011 9.35647 4.23008
7.83912 18.3944 2.71828 0 1.2214 80.346 13.5676 5.01509 7.38906 1.56395
8.70007 22.3055 3.20974 1.2214 0 92.3406 13.8819 5.20304 8.38152 1.3269
11.4881 11.1153 80.713 80.346 92.3406 0 17.5239 25.1511 11.1153 93.1596
3.0999 23.6243 25.9394 13.5676 13.8819 17.5239 0 2.71828 4.11325 11.8682
2.28102 15.1848 9.78011 5.01509 5.20304 25.1511 2.71828 0 2.71828 4.58667
1.3269 5.98259 9.35647 7.38906 8.38152 11.1153 4.11325 2.71828 0 8.38152
8.38152 25.9394 4.23008 1.56395 1.3269 93.1596 11.8682 4.58667 8.38152 0

0 33.0682 5.20304 1.56395 9.35647 10.391 5.20304 2.93596 11.1153 8.70007
33.0682 0 13.5676 48.5842 13.8819 3.59889 13.5676 11.4881 5.52233 25.3075
5.20304 13.5676 0 8.06926 1.82212 7.16904 1 3.82531 11.4881 22.8853
1.56395 48.5842 8.06926 0 14.4159 14.633 8.06926 4.23008 14.4159 8.61983
9.35647 13.8819 1.82212 14.4159 0 9.78011 1.82212 6.66831 16.9188 39.5259
10.391 3.59889 7.16904 14.633 9.78011 0 7.16904 3.54278 1.88223 7.68759
5.20304 13.5676 1 8.06926 1.82212 7.16904 0 3.82531 11.4881 22.8853
2.93596 11.4881 3.82531 4.23008 6.66831 3.54278 3.82531 0 4.11325 5.98259
11.1153 5.52233 11.4881 14.4159 16.9188 1.88223 11.4881 4.11325 0 4.58667
8.70007 25.3075 22.8853 8.61983 39.5259 7.68759 22.8853 5.98259 4.58667 0

0 3.37553 23.6243 6.5982 13.5676 1.3269 2.71828 3.37553 54.5982 215.727
3.37553 0 16.5624 4.11325 4.0552 2.71828 1.76065 4.11325 19.5547 84.8361
23.6243 16.5624 0 4.0552 25.1511 18.3944 11.1153 7.16904 9.78011 18.3944
6.5982 4.11325 4.0552 0 8.38152 5.01509 2.77265 2.44593 10.391 35.1948
13.5676 4.0552 25.1511 8.38152 0 11.0232 6.3212 13.4637 9.78011 44.4664
1.3269 2.71828 18.3944 5.01509 11.0232 0 2.05672 2.71828 41.2733 162.58
2.71828 1.76065 11.1153 2.77265 6.3212 2.05672 0 2.33621 20.0855 80.346
3.37553 4.11325 7.16904 2.44593 13.4637 2.71828 2.33621 0 25.3075 84.8361
54.5982 19.5547 9.78011 10.391 9.78011 41.2733 20.0855 25.3075 0 4.58667
215.727 84.8361 18.3944 35.1948 44.4664 162.58 80.346 84.8361 4.58667 0

5
4 5 2 6 1
