10
0 11.1153 2.71828 11.8682 5.20304 1.56395 8.70007 9.78011 7.24201 1.56395
11.1153 0 14.633 12.5513 4.0552 16.9188 20.2197 1.56395 24.6862 12.952
2.71828 14.633 0 30.4962 11.1153 2.44593 23.6243 15.1848 19.5547 1.76065
11.8682 12.5513 30.4962 0 3.59889 16.9188 2.33621 8.06926 3.59889 18.3944
5.20304 4.0552 11.1153 3.59889 0 8.06926 5.01509 2.77265 6.11703 7.46313
1.56395 16.9188 2.44593 16.9188 8.06926 0 11.2078 15.1848 8.70007 1.49182
8.70007 20.2197 23.6243 2.33621 5.01509 11.2078 0 13.4637 1.56395 13.5676
9.78011 1.56395 15.1848 8.06926 2.77265 15.1848 13.4637 0 16.9188 12.2557
7.24201 24.6862 19.5547 3.59889 6.11703 8.70007 1.56395 16.9188 0 11.1153
1.56395 12.952 1.76065 18.3944 7.46313 1.49182 13.5676 12.2557 11.1153 0

0 2.28102 2.05672 25.9394 20.0855 22.8853 1.76065 9.10726 2.77265 9.10726
2.28102 0 2.44593 17.8936 27.0716 41.2733 3.82531 11.8682 4.76859 4.28886
2.05672 2.44593 0 12.952 11.3942 17.1592 2.28102 5.01509 2.05672 6.3212
25.9394 17.8936 12.952 0 12.5513 46.8559 27.901 9.02501 17.5239 7.46313
20.0855 27.0716 11.3942 12.5513 0 4.11325 13.8819 2.28102 7.46313 35.1948
22.8853 41.2733 17.1592 46.8559 4.11325 0 13.4637 5.52233 8.70007 84.8361
1.76065 3.82531 2.28102 27.901 13.8819 13.4637 0 6.66831 1.88223 13.5676
9.10726 11.8682 5.01509 9.02501 2.28102 5.52233 6.66831 0 3.54278 16.9188
2.77265 4.76859 2.05672 17.5239 7.46313 8.70007 1.88223 3.54278 0 12.5513
9.10726 4.28886 6.3212 7.46313 35.1948 84.8361 13.5676 16.9188 12.5513 0

0 30.1407 20.0855 12.7507 75.6912 8.70007 13.4637 31.216 7.68759 2.05672
30.1407 0 106.596 12.952 13.5676 19.5547 81.8218 9.78011 41.2733 20.6259
20.0855 106.596 0 8.70007 38.4615 5.45786 1.49182 19.5547 2.93596 37.4181
12.7507 12.952 8.70007 0 6.66831 1.82212 7.16904 2.77265 4.11325 16.0947
75.6912 13.5676 38.4615 6.66831 0 11.8682 36.802 2.44593 25.1511 80.346
8.70007 19.5547 5.45786 1.82212 11.8682 0 4.23008 5.01509 2.28102 12.5513
13.4637 81.8218 1.49182 7.16904 36.802 4.23008 0 17.5239 2.05672 25.1511
31.216 9.78011 19.5547 2.77265 2.44593 5.01509 17.5239 0 11.0232 34.4105
7.68759 41.2733 2.93596 4.11325 25.1511 2.28102 2.05672 11.0232 0 13.4637
2.05672 20.6259 37.4181 16.0947 80.346 12.5513 25.1511 34.4105 13.4637 0

0 17.5239 9.35647 15.1848 4.76859 7.38906 1.56395 3.37553 11.4881 3.20974
17.5239 0 23.6243 7.38906 80.713 13.4637 12.5513 29.7882 1.88223 48.5842
9.35647 23.6243 0 69.5914 27.0716 51.6565 6.66831 31.5804 12.5513 24.6862
15.1848 7.38906 69.5914 0 44.9369 2.93596 14.633 11.3942 9.78011 24.6862
4.76859 80.713 27.0716 44.9369 0 16.5624 7.24201 4.11325 54.5982 1.82212
7.38906 13.4637 51.6565 2.93596 16.5624 0 8.38152 4.0552 13.8819 9.10726
1.56395 12.5513 6.66831 14.633 7.24201 8.38152 0 4.95303 7.83912 5.01509
3.37553 29.7882 31.5804 11.3942 4.11325 4.0552 4.95303 0 23.6243 2.28102
11.4881 1.88223 12.5513 9.78011 54.5982 13.8819 7.83912 23.6243 0 34.4105
3.20974 48.5842 24.6862 24.6862 1.82212 9.10726 5.01509 2.28102 34.4105 0

0 2.77265 11.4881 6.3212 11.2078 5.98259 1.88223 2.71828 7.16904 3.54278
2.77265 0 25.3075 16.0947 27.0716 14.4159 1.49182 7.16904 14.7424 5.58713
11.4881 25.3075 0 14.4159 1.56395 2.05672 17.5239 10.3024 30.4962 5.01509
6.3212 16.0947 14.4159 0 10.391 7.46313 11.4881 2.33621 2.33621 13.4637
11.2078 27.0716 1.56395 10.391 0 1.88223 18.3944 8.38152 22.8853 6.11703
5.98259 14.4159 2.05672 7.46313 1.88223 0 9.78011 5.01509 15.1848 3.54278
1.88223 1.49182 17.5239 11.4881 18.3944 9.78011 0 5.01509 11.4881 4.11325
2.71828 7.16904 10.3024 2.33621 8.38152 5.01509 5.01509 0 3.32012 6.3212
7.16904 14.7424 30.4962 2.33621 22.8853 15.1848 11.4881 3.32012 0 20.6259
3.54278 5.58713 5.01509 13.4637 6.11703 3.54278 4.11325 6.3212 20.6259 0

0 2.28102 2.28102 5.20304 2.93596 8.61983 5.20304 5.01509 9.78011 6.66831
2.28102 0 1.49182 4.28886 6.11703 17.5239 11.1153 4.58667 5.52233 15.1848
2.28102 1.49182 0 6.3212 6.66831 19.5547 11.8682 6.66831 8.06926 13.8819
5.20304 4.28886 6.3212 0 6.3212 12.5513 10.3024 1.2214 2.77265 22.4495
2.93596 6.11703 6.66831 6.3212 0 2.93596 1.82212 5.45786 16.0947 3.59889
8.61983 17.5239 19.5547 12.5513 2.93596 0 1.76065 10.391 34.6054 4.11325
5.20304 11.1153 11.8682 10.3024 1.82212 1.76065 0 8.70007 27.4013 2.77265
5.01509 4.58667 6.66831 1.2214 5.45786 10.391 8.70007 0 3.37553 19.5547
9.78011 5.52233 8.06926 2.77265 16.0947 34.6054 27.4013 3.37553 0 54.5982
6.66831 15.1848 13.8819 22.4495 3.59889 4.11325 2.77265 19.5547 54.5982 0

0 4.95303 11.8682 39.5259 18.3944 36.802 2.77265 15.1848 34.4105 5.58713
4.95303 0 2.71828 9.78011 4.23008 11.4881 5.58713 15.1848 15.1848 2.77265
11.8682 2.71828 0 9.35647 1.56395 14.4159 9.35647 35.7914 24.5325 6.5982
39.5259 9.78011 9.35647 0 9.78011 2.05672 54.5982 17.5239 4.76859 7.68759
18.3944 4.23008 1.56395 9.78011 0 16.5624 13.5676 51.6565 30.675 9.78011
36.802 11.4881 14.4159 2.05672 16.5624 0 60.5614 9.78011 2.33621 6.5982
2.77265 5.58713 9.35647 54.5982 13.5676 60.5614 0 38.4615 67.9658 10.3024
15.1848 15.1848 35.7914 17.5239 51.6565 9.78011 38.4615 0 4.95303 5.52233
34.4105 15.1848 24.5325 4.76859 30.675 2.33621 67.9658 4.95303 0 6.5982
5.58713 2.77265 6.5982 7.68759 9.78011 6.5982 10.3024 5.52233 6.5982 0

0 15.1848 33.0682 11.3942 61.4517 1.49182 1.3269 36.802 32.8795 17.8936
15.1848 0 10.391 1.56395 4.76859 13.8819 11.8682 9.78011 14.633 6.5982
33.0682 10.391 0 14.4159 7.83912 23.6243 25.1511 1.2214 1.56395 1.88223
11.3942 1.56395 14.4159 0 7.38906 11.0232 9.10726 13.8819 19.5547 8.61983
61.4517 4.76859 7.83912 7.38906 0 51.3951 46.8559 6.5982 12.2557 7.68759
1.49182 13.8819 23.6243 11.0232 51.3951 0 1.3269 26.5823 22.8853 12.952
1.3269 11.8682 25.1511 9.10726 46.8559 1.3269 0 27.901 25.3075 13.5676
36.802 9.78011 1.2214 13.8819 6.5982 26.5823 27.901 0 1.88223 2.05672
32.8795 14.633 1.56395 19.5547 12.2557 22.8853 25.3075 1.88223 0 2.28102
17.8936 6.5982 1.88223 8.61983 7.68759 12.952 13.5676 2.05672 2.28102 0

0 11.1153 13.5676 10.3024 3.82531 5.98259 2.44593 8.06926 5.01509 9.78011
11.1153 0 2.05672 45.6496 23.6243 64.1825 10.391 50.8752 54.5982 11.8682
13.5676 2.05672 0 34.6054 21.176 69.5914 9.78011 42.848 60.5614 7.38906
10.3024 45.6496 34.6054 0 2.71828 7.68759 5.20304 1.82212 8.06926 5.58713
3.82531 23.6243 21.176 2.71828 0 4.28886 2.28102 2.22554 4.11325 5.52233
5.98259 64.1825 69.5914 7.68759 4.28886 0 7.38906 4.28886 1.2214 23.6243
2.44593 10.391 9.78011 5.20304 2.28102 7.38906 0 5.01509 6.5982 4.11325
8.06926 50.8752 42.848 1.82212 2.22554 4.28886 5.01509 0 4.58667 8.38152
5.01509 54.5982 60.5614 8.06926 4.11325 1.2214 6.5982 4.58667 0 22.3055
9.78011 11.8682 7.38906 5.58713 5.52233 23.6243 4.11325 8.38152 22.3055 0

0 54.5982 1.82212 6.04965 3.37553 64.1825 11.1153 17.5239 6.11703 54.5982
54.5982 0 34.4105 25.9394 25.3075 1.2214 10.391 3.82531 31.5804 1
1.82212 34.4105 0 6.66831 3.54278 39.9576 6.11703 10.3024 7.16904 34.4105
6.04965 25.9394 6.66831 0 1.88223 31.5804 17.8936 14.4159 1.2214 25.9394
3.37553 25.3075 3.54278 1.88223 0 30.4962 11.2078 11.0232 2.05672 25.3075
64.1825 1.2214 39.9576 31.5804 30.4962 0 11.2078 4.23008 38.4615 1.2214
11.1153 10.391 6.11703 17.8936 11.2078 11.2078 0 2.77265 21.176 10.391
17.5239 3.82531 10.3024 14.4159 11.0232 4.23008 2.77265 0 17.5239 3.82531
6.11703 31.5804 7.16904 1.2214 2.05672 38.4615 21.176 17.5239 0 31.5804
54.5982 1 34.4105 25.9394 25.3075 1.2214 10.391 3.82531 31.5804 0

5
5 9 2 4 8
