100
0 5.01509 9.78011 4.28886 1.88223 3.32012 2.77265 1.2214 3.59889 4.11325 
5.01509 0 22.3055 3.20974 9.35647 15.1848 2.93596 4.58667 6.66831 1.56395
9.78011 22.3055 0 36.802 10.3024 17.1592 7.68759 11.8682 3.37553 25.1511
4.28886 3.20974 36.802 0 6.5982 8.38152 5.52233 3.54278 11.3942 2.05672
1.88223 9.35647 10.3024 6.5982 0 1.88223 4.95303 2.05672 5.01509 7.38906
3.32012 15.1848 17.1592 8.38152 1.88223 0 9.10726 3.37553 9.35647 11.2078
2.77265 2.93596 7.68759 5.52233 4.95303 9.10726 0 2.93596 2.28102 3.32012
1.2214 4.58667 11.8682 3.54278 2.05672 3.37553 2.93596 0 4.23008 3.59889
3.59889 6.66831 3.37553 11.3942 5.01509 9.35647 2.28102 4.23008 0 7.46313
4.11325 1.56395 25.1511 2.05672 7.38906 11.2078 3.32012 3.59889 7.46313 0

0 6.66831 2.05672 7.38906 11.1153 1.2214 15.1848 8.38152 27.901 4.23008
6.66831 0 6.3212 1.88223 2.71828 6.3212 9.35647 2.93596 13.4637 4.58667
2.05672 6.3212 0 8.70007 7.68759 2.44593 7.83912 11.2078 14.633 2.28102
7.38906 1.88223 8.70007 0 5.01509 6.5982 17.5239 1.56395 25.3075 7.68759
11.1153 2.71828 7.68759 5.01509 0 11.3942 4.11325 7.83912 5.20304 3.82531
1.2214 6.3212 2.44593 6.5982 11.3942 0 17.1592 7.24201 31.216 4.76859
15.1848 9.35647 7.83912 17.5239 4.11325 17.1592 0 27.0716 1.88223 3.59889
8.38152 2.93596 11.2078 1.56395 7.83912 7.24201 27.0716 0 39.5259 11.1153
27.901 13.4637 14.633 25.3075 5.20304 31.216 1.88223 39.5259 0 6.5982
4.23008 4.58667 2.28102 7.68759 3.82531 4.76859 3.59889 11.1153 6.5982 0

0 24.6862 25.9394 5.45786 7.46313 9.78011 6.11703 2.05672 18.3944 2.05672
24.6862 0 72.2539 11.4881 3.54278 14.7424 51.6565 44.9369 2.93596 14.4159
25.9394 72.2539 0 8.06926 27.4013 5.01509 5.01509 44.4664 25.9394 16.4446
5.45786 11.4881 8.06926 0 3.59889 1.88223 4.58667 11.1153 5.20304 2.71828
7.46313 3.54278 27.4013 3.59889 0 5.52233 15.1848 14.4159 2.71828 4.11325
9.78011 14.7424 5.01509 1.88223 5.52233 0 4.95303 19.5547 5.58713 5.01509
6.11703 51.6565 5.01509 4.58667 15.1848 4.95303 0 9.35647 23.6243 5.01509
2.05672 44.9369 44.4664 11.1153 14.4159 19.5547 9.35647 0 36.802 4.23008
18.3944 2.93596 25.9394 5.20304 2.71828 5.58713 23.6243 36.802 0 9.35647
2.05672 14.4159 16.4446 2.71828 4.11325 5.01509 5.01509 4.23008 9.35647 0

0 30.1407 10.391 22.3055 15.1848 4.28886 3.59889 1.49182 8.61983 13.5676
30.1407 0 4.76859 2.05672 3.59889 7.46313 13.4637 31.5804 5.58713 2.44593
10.391 4.76859 0 5.98259 1.49182 4.23008 3.32012 9.35647 1.2214 2.05672
22.3055 2.05672 5.98259 0 5.20304 5.20304 12.952 25.3075 6.5982 2.93596
15.1848 3.59889 1.49182 5.20304 0 5.45786 4.95303 13.8819 1.82212 1.82212
4.28886 7.46313 4.23008 5.20304 5.45786 0 3.54278 5.01509 3.82531 3.82531
3.59889 13.4637 3.32012 12.952 4.95303 3.54278 0 2.93596 2.71828 5.52233
1.49182 31.5804 9.35647 25.3075 13.8819 5.01509 2.93596 0 7.68759 13.5676
8.61983 5.58713 1.2214 6.5982 1.82212 3.82531 2.71828 7.68759 0 2.33621
13.5676 2.44593 2.05672 2.93596 1.82212 3.82531 5.52233 13.5676 2.33621 0

0 4.11325 4.76859 4.58667 17.1592 6.11703 5.20304 6.3212 2.33621 6.5982
4.11325 0 4.28886 12.952 8.61983 10.3024 1.88223 3.37553 7.68759 2.28102
4.76859 4.28886 0 5.01509 3.82531 2.71828 2.71828 13.5676 11.1153 9.78011
4.58667 12.952 5.01509 0 16.9188 2.44593 11.2078 27.901 7.38906 25.9394
17.1592 8.61983 3.82531 16.9188 0 7.38906 4.58667 28.5772 39.9576 17.5239
6.11703 10.3024 2.71828 2.44593 7.38906 0 7.24201 28.5772 12.5513 22.8853
5.20304 1.88223 2.71828 11.2078 4.58667 7.24201 0 6.3212 11.2078 4.0552
6.3212 3.37553 13.5676 27.901 28.5772 28.5772 6.3212 0 7.16904 1.76065
2.33621 7.68759 11.1153 7.38906 39.9576 12.5513 11.2078 7.16904 0 9.35647
6.5982 2.28102 9.78011 25.9394 17.5239 22.8853 4.0552 1.76065 9.35647 0

0 6.5982 4.11325 17.5239 39.9576 2.77265 26.5823 2.05672 16.2108 6.66831
6.5982 0 3.37553 3.54278 48.5842 2.71828 37.4181 7.68759 38.4615 5.01509
4.11325 3.37553 0 5.01509 16.2108 1.76065 11.8682 7.16904 11.3942 1.76065
17.5239 3.54278 5.01509 0 30.675 6.3212 27.0716 24.5325 39.3113 4.76859
39.9576 48.5842 16.2108 30.675 0 27.4013 1.56395 81.8218 4.11325 9.78011
2.77265 2.71828 1.76065 6.3212 27.4013 0 19.5547 4.28886 16.4446 3.0999
26.5823 37.4181 11.8682 27.0716 1.56395 19.5547 0 54.5982 2.71828 7.46313
2.05672 7.68759 7.16904 24.5325 81.8218 4.28886 54.5982 0 32.8795 12.2557
16.2108 38.4615 11.3942 39.3113 4.11325 16.4446 2.71828 32.8795 0 8.61983
6.66831 5.01509 1.76065 4.76859 9.78011 3.0999 7.46313 12.2557 8.61983 0

0 2.71828 4.11325 1.3269 9.35647 34.4105 4.11325 5.45786 5.52233 11.0232
2.71828 0 6.3212 3.59889 5.58713 12.7507 8.06926 14.7424 2.77265 7.16904
4.11325 6.3212 0 4.23008 32.8795 47.5909 14.633 9.10726 5.52233 5.58713
1.3269 3.59889 4.23008 0 11.1153 45.6496 3.54278 4.11325 7.16904 13.5676
9.35647 5.58713 32.8795 11.1153 0 16.9188 9.35647 32.8795 12.952 35.1948
34.4105 12.7507 47.5909 45.6496 16.9188 0 89.5181 187.635 8.61983 13.4637
4.11325 8.06926 14.633 3.54278 9.35647 89.5181 0 4.11325 20.6259 44.9369
5.45786 14.7424 9.10726 4.11325 32.8795 187.635 4.11325 0 27.901 44.4664
5.52233 2.77265 5.52233 7.16904 12.952 8.61983 20.6259 27.901 0 2.71828
11.0232 7.16904 5.58713 13.5676 35.1948 13.4637 44.9369 44.4664 2.71828 0

0 5.01509 2.93596 6.11703 4.76859 14.7424 1.49182 6.11703 2.44593 5.01509
5.01509 0 5.45786 11.1153 21.0376 61.4517 5.52233 14.7424 4.76859 14.633
2.93596 5.45786 0 17.5239 4.95303 12.5513 2.05672 2.71828 1.2214 14.633
6.11703 11.1153 17.5239 0 19.5547 55.976 9.10726 36.5982 14.4159 2.05672
4.76859 21.0376 4.95303 19.5547 0 3.0999 3.82531 3.59889 5.01509 11.3942
14.7424 61.4517 12.5513 55.976 3.0999 0 11.4881 6.04965 13.4637 30.4962
1.49182 5.52233 2.05672 9.10726 3.82531 11.4881 0 4.11325 1.76065 7.16904
6.11703 14.7424 2.71828 36.5982 3.59889 6.04965 4.11325 0 3.20974 25.9394
2.44593 4.76859 1.2214 14.4159 5.01509 13.4637 1.76065 3.20974 0 12.2557
5.01509 14.633 14.633 2.05672 11.3942 30.4962 7.16904 25.9394 12.2557 0

0 15.1848 11.1153 8.61983 19.5547 6.66831 9.78011 24.6862 6.66831 4.0552
15.1848 0 8.61983 4.28886 30.4962 16.5624 17.5239 12.952 2.93596 51.3951
11.1153 8.61983 0 2.05672 3.54278 2.71828 2.28102 2.22554 11.1153 17.8936
8.61983 4.28886 2.05672 0 7.16904 4.11325 4.11325 3.82531 5.58713 19.5547
19.5547 30.4962 3.54278 7.16904 0 2.93596 2.05672 3.54278 35.1948 16.9188
6.66831 16.5624 2.71828 4.11325 2.93596 0 1.49182 5.01509 14.633 7.16904
9.78011 17.5239 2.28102 4.11325 2.05672 1.49182 0 3.59889 17.8936 10.391
24.6862 12.952 2.22554 3.82531 3.54278 5.01509 3.59889 0 21.176 35.7914
6.66831 2.93596 11.1153 5.58713 35.1948 14.633 17.8936 21.176 0 25.9394
4.0552 51.3951 17.8936 19.5547 16.9188 7.16904 10.391 35.7914 25.9394 0

0 27.0716 1.56395 1.82212 11.8682 6.66831 25.9394 5.58713 21.0376 21.315
27.0716 0 41.9429 24.6862 143.724 7.24201 1.2214 22.4495 61.4517 1.3269
1.56395 41.9429 0 2.44593 9.10726 9.35647 39.9576 6.3212 21.176 32.8795
1.82212 24.6862 2.44593 0 21.315 8.70007 24.5325 9.35647 36.802 20.0855
11.8682 143.724 9.10726 21.315 0 20.0855 126.658 6.5982 6.3212 108.435
6.66831 7.24201 9.35647 8.70007 20.0855 0 6.3212 3.0999 9.78011 5.45786
25.9394 1.2214 39.9576 24.5325 126.658 6.3212 0 19.5547 51.6565 1.2214
5.58713 22.4495 6.3212 9.35647 6.5982 3.0999 19.5547 0 4.11325 16.9188
21.0376 61.4517 21.176 36.802 6.3212 9.78011 51.6565 4.11325 0 46.8559
21.315 1.3269 32.8795 20.0855 108.435 5.45786 1.2214 16.9188 46.8559 0

0 36.5982 34.6054 5.01509 4.0552 2.33621 3.37553 39.3113 6.3212 19.5547
36.5982 0 2.77265 7.46313 47.5909 21.315 53.7838 39.3113 39.3113 15.1848
34.6054 2.77265 0 7.16904 30.675 16.9188 36.802 15.1848 22.3055 6.3212
5.01509 7.46313 7.16904 0 7.38906 2.93596 7.83912 20.2197 7.38906 7.68759
4.0552 47.5909 30.675 7.38906 0 2.71828 1.3269 12.7507 1.76065 8.61983
2.33621 21.315 16.9188 2.93596 2.71828 0 2.71828 17.5239 3.37553 8.38152
3.37553 53.7838 36.802 7.83912 1.3269 2.71828 0 16.9188 2.33621 11.2078
39.3113 39.3113 15.1848 20.2197 12.7507 17.5239 16.9188 0 7.24201 2.77265
6.3212 39.3113 22.3055 7.38906 1.76065 3.37553 2.33621 7.24201 0 5.20304
19.5547 15.1848 6.3212 7.68759 8.61983 8.38152 11.2078 2.77265 5.20304 0

0 4.95303 2.28102 5.58713 22.3055 2.05672 7.16904 7.16904 33.0682 22.4495
4.95303 0 5.01509 2.77265 46.6128 8.06926 7.16904 7.16904 20.2197 9.78011
2.28102 5.01509 0 3.37553 11.2078 1.88223 3.20974 3.20974 15.1848 11.4881
5.58713 2.77265 3.37553 0 19.5547 6.3212 2.71828 2.71828 7.68759 4.23008
22.3055 46.6128 11.2078 19.5547 0 11.3942 7.38906 7.38906 13.4637 22.3055
2.05672 8.06926 1.88223 6.3212 11.3942 0 5.45786 5.45786 25.9394 21.176
7.16904 7.16904 3.20974 2.71828 7.38906 5.45786 0 1 4.76859 4.28886
7.16904 7.16904 3.20974 2.71828 7.38906 5.45786 1 0 4.76859 4.28886
33.0682 20.2197 15.1848 7.68759 13.4637 25.9394 4.76859 4.76859 0 2.44593
22.4495 9.78011 11.4881 4.23008 22.3055 21.176 4.28886 4.28886 2.44593 0

0 5.45786 30.1407 22.8853 51.6565 13.4637 6.04965 35.1948 47.5909 4.0552
5.45786 0 5.58713 21.176 10.391 12.2557 3.82531 6.5982 34.4105 17.5239
30.1407 5.58713 0 36.802 2.28102 24.6862 10.391 1.2214 41.9429 84.8361
22.8853 21.176 36.802 0 31.5804 1.76065 5.58713 36.5982 2.22554 16.4446
51.6565 10.391 2.28102 31.5804 0 23.6243 12.952 1.88223 30.1407 122.526
13.4637 12.2557 24.6862 1.76065 23.6243 0 3.20974 25.1511 3.54278 11.3942
6.04965 3.82531 10.391 5.58713 12.952 3.20974 0 11.2078 9.78011 9.78011
35.1948 6.5982 1.2214 36.5982 1.88223 25.1511 11.2078 0 39.9576 95.6506
47.5909 34.4105 41.9429 2.22554 30.1407 3.54278 9.78011 39.9576 0 36.5982
4.0552 17.5239 84.8361 16.4446 122.526 11.3942 9.78011 95.6506 36.5982 0

0 108.435 8.38152 31.5804 18.3944 22.8853 24.6862 16.5624 4.0552 27.4013
108.435 0 12.952 20.6259 16.5624 9.10726 25.1511 30.1407 41.2733 9.02501
8.38152 12.952 0 9.35647 5.01509 4.11325 9.6094 7.24201 4.11325 5.01509
31.5804 20.6259 9.35647 0 1.88223 2.71828 84.8361 2.05672 32.8795 2.44593
18.3944 16.5624 5.01509 1.88223 0 1.82212 46.6128 1.82212 17.5239 1.88223
22.8853 9.10726 4.11325 2.71828 1.82212 0 33.0682 3.32012 16.4446 1.2214
24.6862 25.1511 9.6094 84.8361 46.6128 33.0682 0 69.5914 6.11703 39.3113
16.5624 30.1407 7.24201 2.05672 1.82212 3.32012 69.5914 0 21.0376 3.37553
4.0552 41.2733 4.11325 32.8795 17.5239 16.4446 6.11703 21.0376 0 20.0855
27.4013 9.02501 5.01509 2.44593 1.88223 1.2214 39.3113 3.37553 20.0855 0

0 2.71828 6.66831 5.98259 2.05672 4.58667 8.61983 6.5982 4.23008 3.59889
2.71828 0 17.5239 11.1153 5.20304 2.05672 7.46313 4.95303 2.28102 2.22554
6.66831 17.5239 0 4.11325 3.37553 24.5325 39.5259 19.5547 27.4013 16.5624
5.98259 11.1153 4.11325 0 3.37553 11.2078 51.3951 6.04965 22.7394 7.16904
2.05672 5.20304 3.37553 3.37553 0 7.46313 16.0947 7.38906 8.70007 5.20304
4.58667 2.05672 24.5325 11.2078 7.46313 0 14.4159 2.93596 4.11325 1.56395
8.61983 7.46313 39.5259 51.3951 16.0947 14.4159 0 36.802 3.54278 16.5624
6.5982 4.95303 19.5547 6.04965 7.38906 2.93596 36.802 0 11.1153 2.22554
4.23008 2.28102 27.4013 22.7394 8.70007 4.11325 3.54278 11.1153 0 5.01509
3.59889 2.22554 16.5624 7.16904 5.20304 1.56395 16.5624 2.22554 5.01509 0

0 2.44593 16.5624 39.9576 4.58667 14.4159 46.8559 12.2557 3.82531 54.5982
2.44593 0 13.4637 35.7914 5.58713 6.11703 23.6243 14.7424 2.28102 25.1511
16.5624 13.4637 0 2.71828 4.28886 35.1948 8.06926 3.20974 5.98259 13.8819
39.9576 35.7914 2.71828 0 9.10726 93.1596 13.5676 4.28886 16.0947 25.1511
4.58667 5.58713 4.28886 9.10726 0 27.0716 22.7394 2.71828 3.37553 33.0682
14.4159 6.11703 35.1948 93.1596 27.0716 0 18.3944 61.7507 8.06926 13.5676
46.8559 23.6243 8.06926 13.5676 22.7394 18.3944 0 25.3075 12.2557 1.88223
12.2557 14.7424 3.20974 4.28886 2.71828 61.7507 25.3075 0 7.83912 41.9429
3.82531 2.28102 5.98259 16.0947 3.37553 8.06926 12.2557 7.83912 0 14.7424
54.5982 25.1511 13.8819 25.1511 33.0682 13.5676 1.88223 41.9429 14.7424 0

0 15.1848 3.20974 6.3212 25.9394 13.4637 16.5624 9.10726 1.88223 17.1592
15.1848 0 5.01509 52.9785 25.1511 72.2539 2.77265 60.5614 16.0947 13.8819
3.20974 5.01509 0 16.0947 25.3075 28.5772 7.16904 21.0376 4.23008 14.633
6.3212 52.9785 16.0947 0 14.4159 2.44593 35.7914 1.56395 3.82531 13.4637
25.9394 25.1511 25.3075 14.4159 0 9.10726 9.78011 11.1153 14.7424 1.82212
13.4637 72.2539 28.5772 2.44593 9.10726 0 39.9576 1.56395 7.46313 10.391
16.5624 2.77265 7.16904 35.7914 9.78011 39.9576 0 36.802 13.8819 5.52233
9.10726 60.5614 21.0376 1.56395 11.1153 1.56395 36.802 0 5.20304 11.3942
1.88223 16.0947 4.23008 3.82531 14.7424 7.46313 13.8819 5.20304 0 10.3024
17.1592 13.8819 14.633 13.4637 1.82212 10.391 5.52233 11.3942 10.3024 0

0 14.4159 3.0999 1.56395 2.22554 11.3942 5.01509 11.1153 25.1511 11.3942
14.4159 0 6.11703 22.3055 13.5676 33.0682 3.59889 20.0855 30.1407 17.1592
3.0999 6.11703 0 4.76859 2.22554 7.38906 3.59889 5.52233 11.3942 5.20304
1.56395 22.3055 4.76859 0 2.93596 13.4637 7.38906 14.4159 32.8795 15.1848
2.22554 13.5676 2.22554 2.93596 0 5.20304 6.5982 5.01509 11.3942 5.20304
11.3942 33.0682 7.38906 13.4637 5.20304 0 26.5823 1.82212 3.0999 2.22554
5.01509 3.59889 3.59889 7.38906 6.5982 26.5823 0 19.1627 36.802 17.5239
11.1153 20.0855 5.52233 14.4159 5.01509 1.82212 19.1627 0 2.28102 1.2214
25.1511 30.1407 11.3942 32.8795 11.3942 3.0999 36.802 2.28102 0 2.22554
11.3942 17.1592 5.20304 15.1848 5.20304 2.22554 17.5239 1.2214 2.22554 0

0 4.95303 2.93596 5.98259 28.5772 11.3942 8.61983 6.3212 4.58667 2.71828
4.95303 0 2.05672 2.22554 6.5982 2.44593 2.44593 4.28886 5.58713 6.5982
2.93596 2.05672 0 2.05672 13.5676 4.0552 2.93596 2.77265 2.93596 3.20974
5.98259 2.22554 2.05672 0 11.1153 2.44593 1.49182 2.05672 3.20974 5.01509
28.5772 6.5982 13.5676 11.1153 0 5.01509 8.70007 22.7394 34.4105 43.5362
11.3942 2.44593 4.0552 2.44593 5.01509 0 1.76065 4.76859 7.83912 11.8682
8.61983 2.44593 2.93596 1.49182 8.70007 1.76065 0 2.71828 4.58667 7.46313
6.3212 4.28886 2.77265 2.05672 22.7394 4.76859 2.71828 0 1.82212 3.54278
4.58667 5.58713 2.93596 3.20974 34.4105 7.83912 4.58667 1.82212 0 2.05672
2.71828 6.5982 3.20974 5.01509 43.5362 11.8682 7.46313 3.54278 2.05672 0

0 3.59889 8.38152 6.5982 5.01509 4.23008 7.38906 4.95303 6.3212 2.33621
3.59889 0 11.3942 22.7394 17.1592 15.1848 8.06926 13.4637 14.4159 4.28886
8.38152 11.3942 0 11.0232 9.10726 15.1848 1.56395 4.0552 2.77265 3.59889
6.5982 22.7394 11.0232 0 1.3269 2.28102 13.8819 2.71828 4.11325 6.5982
5.01509 17.1592 9.10726 1.3269 0 2.05672 11.1153 2.28102 3.54278 5.01509
4.23008 15.1848 15.1848 2.28102 2.05672 0 16.9188 4.23008 6.5982 6.11703
7.38906 8.06926 1.56395 13.8819 11.1153 16.9188 0 5.20304 3.82531 3.20974
4.95303 13.4637 4.0552 2.71828 2.28102 4.23008 5.20304 0 1.56395 3.20974
6.3212 14.4159 2.77265 4.11325 3.54278 6.5982 3.82531 1.56395 0 3.37553
2.33621 4.28886 3.59889 6.5982 5.01509 6.11703 3.20974 3.20974 3.37553 0

0 5.01509 4.0552 25.9394 10.391 16.5624 7.16904 5.58713 2.05672 8.70007
5.01509 0 1.3269 9.78011 22.7394 3.32012 1.88223 17.5239 2.77265 2.77265
4.0552 1.3269 0 12.5513 22.4495 4.11325 2.44593 16.0947 2.44593 3.54278
25.9394 9.78011 12.5513 0 20.2197 9.78011 5.20304 28.5772 12.952 3.54278
10.391 22.7394 22.4495 20.2197 0 61.4517 19.1627 2.28102 9.78011 16.2108
16.5624 3.32012 4.11325 9.78011 61.4517 0 3.20974 53.7838 9.10726 4.11325
7.16904 1.88223 2.44593 5.20304 19.1627 3.20974 0 17.5239 3.54278 1.49182
5.58713 17.5239 16.0947 28.5772 2.28102 53.7838 17.5239 0 6.5982 16.5624
2.05672 2.77265 2.44593 12.952 9.78011 9.10726 3.54278 6.5982 0 4.23008
8.70007 2.77265 3.54278 3.54278 16.2108 4.11325 1.49182 16.5624 4.23008 0

0 4.76859 25.9394 14.633 2.93596 6.3212 11.1153 30.1407 7.83912 3.54278
4.76859 0 17.1592 16.0947 2.22554 1.49182 21.315 42.848 2.28102 5.01509
25.9394 17.1592 0 2.71828 11.2078 12.7507 7.38906 5.52233 8.38152 7.46313
14.633 16.0947 2.71828 0 8.38152 13.4637 2.71828 2.77265 9.78011 4.23008
2.93596 2.22554 11.2078 8.38152 0 2.44593 9.78011 21.176 2.71828 2.28102
6.3212 1.49182 12.7507 13.4637 2.44593 0 20.2197 36.802 1.56395 5.01509
11.1153 21.315 7.38906 2.71828 9.78011 20.2197 0 2.93596 16.5624 4.28886
30.1407 42.848 5.52233 2.77265 21.176 36.802 2.93596 0 27.0716 9.78011
7.83912 2.28102 8.38152 9.78011 2.71828 1.56395 16.5624 27.0716 0 4.58667
3.54278 5.01509 7.46313 4.23008 2.28102 5.01509 4.28886 9.78011 4.58667 0

0 3.54278 13.5676 2.05672 16.2108 3.59889 2.71828 5.98259 3.32012 13.5676
3.54278 0 27.4013 6.04965 20.2197 12.2557 3.82531 7.68759 7.38906 39.5259
13.5676 27.4013 0 20.6259 3.32012 7.16904 7.16904 4.11325 4.11325 3.54278
2.05672 6.04965 20.6259 0 29.9641 3.54278 5.45786 11.4881 5.52233 15.1848
16.2108 20.2197 3.32012 29.9641 0 14.7424 6.3212 2.77265 5.58713 11.3942
3.59889 12.2557 7.16904 3.54278 14.7424 0 4.95303 7.16904 2.93596 4.28886
2.71828 3.82531 7.16904 5.45786 6.3212 4.95303 0 2.28102 2.05672 11.4881
5.98259 7.68759 4.11325 11.4881 2.77265 7.16904 2.28102 0 2.44593 9.78011
3.32012 7.38906 4.11325 5.52233 5.58713 2.93596 2.05672 2.44593 0 5.58713
13.5676 39.5259 3.54278 15.1848 11.3942 4.28886 11.4881 9.78011 5.58713 0

0 14.4159 23.6243 36.802 2.93596 44.9369 2.93596 7.24201 17.1592 13.4637
14.4159 0 3.32012 2.71828 6.5982 3.54278 9.35647 4.23008 5.98259 1.56395
23.6243 3.32012 0 2.71828 15.1848 7.38906 10.391 3.54278 2.44593 2.28102
36.802 2.71828 2.71828 0 17.8936 2.93596 20.2197 7.46313 6.5982 2.77265
2.93596 6.5982 15.1848 17.8936 0 17.5239 4.58667 6.3212 15.1848 7.24201
44.9369 3.54278 7.38906 2.93596 17.5239 0 32.8795 14.633 16.9188 5.01509
2.93596 9.35647 10.391 20.2197 4.58667 32.8795 0 2.93596 6.3212 7.38906
7.24201 4.23008 3.54278 7.46313 6.3212 14.633 2.93596 0 2.44593 2.93596
17.1592 5.98259 2.44593 6.5982 15.1848 16.9188 6.3212 2.44593 0 3.82531
13.4637 1.56395 2.28102 2.77265 7.24201 5.01509 7.38906 2.93596 3.82531 0

0 14.4159 9.78011 22.8853 8.70007 23.6243 22.4495 4.11325 2.71828 5.01509
14.4159 0 14.633 36.802 16.0947 27.0716 16.9188 4.23008 32.8795 25.9394
9.78011 14.633 0 2.71828 1.2214 2.44593 2.44593 4.95303 9.35647 3.37553
22.8853 36.802 2.71828 0 2.77265 1.56395 2.71828 13.4637 16.9188 5.45786
8.70007 16.0947 1.2214 2.77265 0 2.71828 2.93596 5.01509 7.83912 2.77265
23.6243 27.0716 2.44593 1.56395 2.71828 0 1.76065 11.3942 20.0855 6.5982
22.4495 16.9188 2.44593 2.71828 2.93596 1.76065 0 8.61983 22.8853 8.06926
4.11325 4.23008 4.95303 13.4637 5.01509 11.3942 8.61983 0 8.06926 6.3212
2.71828 32.8795 9.35647 16.9188 7.83912 20.0855 22.8853 8.06926 0 3.0999
5.01509 25.9394 3.37553 5.45786 2.77265 6.5982 8.06926 6.3212 3.0999 0

0 19.5547 2.05672 7.46313 7.38906 1.82212 3.54278 14.7424 6.11703 4.76859
19.5547 0 19.1627 9.10726 9.02501 13.5676 13.4637 1.49182 6.3212 4.23008
2.05672 19.1627 0 12.5513 4.28886 1.49182 6.5982 13.5676 9.35647 4.58667
7.46313 9.10726 12.5513 0 19.5547 8.61983 2.28102 9.10726 1.56395 5.58713
7.38906 9.02501 4.28886 19.5547 0 4.0552 14.633 6.04965 12.7507 3.59889
1.82212 13.5676 1.49182 8.61983 4.0552 0 4.76859 9.78011 6.3212 3.20974
3.54278 13.4637 6.5982 2.28102 14.633 4.76859 0 11.8682 2.33621 5.01509
14.7424 1.49182 13.5676 9.10726 6.04965 9.78011 11.8682 0 6.04965 3.0999
6.11703 6.3212 9.35647 1.56395 12.7507 6.3212 2.33621 6.04965 0 3.59889
4.76859 4.23008 4.58667 5.58713 3.59889 3.20974 5.01509 3.0999 3.59889 0

0 30.4962 7.16904 3.59889 5.01509 8.70007 6.5982 6.66831 2.93596 3.32012
30.4962 0 11.8682 9.35647 20.6259 8.06926 5.01509 14.4159 10.391 24.5325
7.16904 11.8682 0 2.77265 1.88223 1.49182 3.0999 1.2214 4.11325 2.71828
3.59889 9.35647 2.77265 0 3.0999 2.77265 1.88223 2.93596 1.49182 2.93596
5.01509 20.6259 1.88223 3.0999 0 2.77265 4.58667 1.56395 4.23008 1.56395
8.70007 8.06926 1.49182 2.77265 2.77265 0 2.44593 1.82212 4.11325 3.82531
6.5982 5.01509 3.0999 1.88223 4.58667 2.44593 0 3.59889 2.33621 5.01509
6.66831 14.4159 1.2214 2.93596 1.56395 1.82212 3.59889 0 4.28886 2.33621
2.93596 10.391 4.11325 1.49182 4.23008 4.11325 2.33621 4.28886 0 3.59889
3.32012 24.5325 2.71828 2.93596 1.56395 3.82531 5.01509 2.33621 3.59889 0

0 1.88223 6.04965 7.68759 3.54278 10.391 33.0682 26.5823 7.46313 14.7424
1.88223 0 3.37553 14.4159 2.33621 16.0947 30.4962 45.6496 13.4637 26.5823
6.04965 3.37553 0 45.6496 2.05672 30.1407 20.0855 99.9176 44.9369 67.0045
7.68759 14.4159 45.6496 0 24.5325 8.70007 99.9176 9.02501 1.82212 4.0552
3.54278 2.33621 2.05672 24.5325 0 14.7424 14.4159 48.5842 25.9394 32.8795
10.391 16.0947 30.1407 8.70007 14.7424 0 15.1848 3.54278 14.633 3.54278
33.0682 30.4962 20.0855 99.9176 14.4159 15.1848 0 45.6496 143.724 53.7838
26.5823 45.6496 99.9176 9.02501 48.5842 3.54278 45.6496 0 16.4446 2.22554
7.46313 13.4637 44.9369 1.82212 25.9394 14.633 143.724 16.4446 0 7.38906
14.7424 26.5823 67.0045 4.0552 32.8795 3.54278 53.7838 2.22554 7.38906 0

0 27.0716 3.82531 6.11703 11.1153 17.5239 3.59889 4.23008 1.56395 12.2557
27.0716 0 7.46313 5.58713 21.176 1.56395 20.0855 22.7394 25.3075 2.93596
3.82531 7.46313 0 2.71828 11.3942 4.95303 5.20304 6.3212 4.11325 3.20974
6.11703 5.58713 2.71828 0 5.01509 3.59889 3.59889 4.11325 5.01509 4.28886
11.1153 21.176 11.3942 5.01509 0 14.633 3.0999 2.71828 7.24201 21.315
17.5239 1.56395 4.95303 3.59889 14.633 0 12.952 14.7424 16.2108 2.33621
3.59889 20.0855 5.20304 3.59889 3.0999 12.952 0 1.2214 2.33621 13.5676
4.23008 22.7394 6.3212 4.11325 2.71828 14.7424 1.2214 0 2.71828 16.0947
1.56395 25.3075 4.11325 5.01509 7.24201 16.2108 2.33621 2.71828 0 12.952
12.2557 2.93596 3.20974 4.28886 21.315 2.33621 13.5676 16.0947 12.952 0

0 48.5842 10.3024 23.6243 8.06926 4.58667 1.49182 16.5624 60.5614 30.1407
48.5842 0 17.5239 35.1948 6.11703 25.9394 32.8795 61.4517 8.61983 2.93596
10.3024 17.5239 0 2.77265 5.01509 2.33621 8.61983 3.59889 7.16904 22.4495
23.6243 35.1948 2.77265 0 13.4637 5.20304 21.315 2.28102 7.46313 54.5982
8.06926 6.11703 5.01509 13.4637 0 5.01509 5.52233 17.1592 11.2078 5.01509
4.58667 25.9394 2.33621 5.20304 5.01509 0 4.11325 4.28886 16.0947 25.1511
1.49182 32.8795 8.61983 21.315 5.52233 4.11325 0 16.5624 45.6496 20.2197
16.5624 61.4517 3.59889 2.28102 17.1592 4.28886 16.5624 0 16.4446 80.346
60.5614 8.61983 7.16904 7.46313 11.2078 16.0947 45.6496 16.4446 0 20.6259
30.1407 2.93596 22.4495 54.5982 5.01509 25.1511 20.2197 80.346 20.6259 0

0 6.5982 7.46313 7.83912 13.8819 3.32012 7.24201 21.0376 13.5676 11.2078
6.5982 0 39.9576 15.1848 12.952 5.01509 20.6259 6.3212 45.6496 3.82531
7.46313 39.9576 0 6.5982 17.8936 9.35647 3.82531 61.7507 3.37553 36.802
7.83912 15.1848 6.5982 0 2.71828 3.20974 1.76065 11.2078 3.54278 7.68759
13.8819 12.952 17.8936 2.71828 0 4.28886 4.76859 5.01509 8.70007 4.28886
3.32012 5.01509 9.35647 3.20974 4.28886 0 4.11325 7.38906 9.10726 4.11325
7.24201 20.6259 3.82531 1.76065 4.76859 4.11325 0 19.1627 2.22554 12.5513
21.0376 6.3212 61.7507 11.2078 5.01509 7.38906 19.1627 0 39.5259 1.88223
13.5676 45.6496 3.37553 3.54278 8.70007 9.10726 2.22554 39.5259 0 27.0716
11.2078 3.82531 36.802 7.68759 4.28886 4.11325 12.5513 1.88223 27.0716 0

0 4.95303 4.58667 17.8936 11.4881 2.44593 8.06926 3.32012 2.44593 1.76065
4.95303 0 1.88223 54.5982 36.802 2.44593 38.4615 1.49182 8.61983 3.54278
4.58667 1.88223 0 33.0682 22.8853 3.20974 29.9641 1.88223 9.78011 2.77265
17.8936 54.5982 33.0682 0 1.56395 39.9576 6.3212 39.9576 30.4962 16.9188
11.4881 36.802 22.8853 1.56395 0 25.9394 4.58667 26.5823 19.5547 11.1153
2.44593 2.44593 3.20974 39.9576 25.9394 0 19.5547 1.76065 3.54278 2.44593
8.06926 38.4615 29.9641 6.3212 4.58667 19.5547 0 25.9394 8.38152 11.1153
3.32012 1.49182 1.88223 39.9576 26.5823 1.76065 25.9394 0 5.98259 2.44593
2.44593 8.61983 9.78011 30.4962 19.5547 3.54278 8.38152 5.98259 0 4.23008
1.76065 3.54278 2.77265 16.9188 11.1153 2.44593 11.1153 2.44593 4.23008 0

0 16.5624 1.49182 3.37553 10.3024 4.23008 7.16904 4.95303 1.49182 11.1153
16.5624 0 11.1153 5.20304 15.1848 5.52233 4.11325 3.37553 11.1153 1.49182
1.49182 11.1153 0 2.28102 8.61983 3.0999 5.01509 3.32012 1 7.46313
3.37553 5.20304 2.28102 0 6.04965 2.71828 2.33621 1.56395 2.28102 3.54278
10.3024 15.1848 8.61983 6.04965 0 16.4446 3.82531 7.68759 8.61983 12.2557
4.23008 5.52233 3.0999 2.71828 16.4446 0 5.52233 2.44593 3.0999 3.82531
7.16904 4.11325 5.01509 2.33621 3.82531 5.52233 0 2.28102 5.01509 3.20974
4.95303 3.37553 3.32012 1.56395 7.68759 2.44593 2.28102 0 3.32012 2.28102
1.49182 11.1153 1 2.28102 8.61983 3.0999 5.01509 3.32012 0 7.46313
11.1153 1.49182 7.46313 3.54278 12.2557 3.82531 3.20974 2.28102 7.46313 0

0 21.315 21.0376 1.82212 2.93596 20.6259 3.37553 20.6259 27.901 41.2733
21.315 0 17.1592 25.3075 30.675 2.71828 25.9394 34.4105 12.2557 4.95303
21.0376 17.1592 0 36.802 11.1153 39.3113 8.38152 2.28102 1.82212 6.66831
1.82212 25.3075 36.802 0 5.20304 20.2197 6.11703 37.4181 46.8559 60.5614
2.93596 30.675 11.1153 5.20304 0 39.5259 1.3269 8.61983 17.1592 36.802
20.6259 2.71828 39.3113 20.2197 39.5259 0 35.7914 72.2539 30.4962 13.4637
3.37553 25.9394 8.38152 6.11703 1.3269 35.7914 0 6.66831 12.952 28.5772
20.6259 34.4105 2.28102 37.4181 8.61983 72.2539 6.66831 0 4.11325 15.1848
27.901 12.2557 1.82212 46.8559 17.1592 30.4962 12.952 4.11325 0 3.82531
41.2733 4.95303 6.66831 60.5614 36.802 13.4637 28.5772 15.1848 3.82531 0

0 9.35647 4.58667 2.44593 4.28886 4.28886 5.98259 5.52233 14.7424 5.45786
9.35647 0 34.4105 17.5239 4.58667 2.33621 3.82531 51.3951 20.2197 48.5842
4.58667 34.4105 0 6.11703 9.35647 14.7424 27.4013 3.59889 11.8682 1.88223
2.44593 17.5239 6.11703 0 10.391 9.02501 7.38906 3.59889 34.4105 5.20304
4.28886 4.58667 9.35647 10.391 0 2.22554 8.06926 20.2197 5.20304 15.1848
4.28886 2.33621 14.7424 9.02501 2.22554 0 3.82531 23.6243 11.3942 21.176
5.98259 3.82531 27.4013 7.38906 8.06926 3.82531 0 25.9394 41.9429 31.216
5.52233 51.3951 3.59889 3.59889 20.2197 23.6243 25.9394 0 39.5259 2.05672
14.7424 20.2197 11.8682 34.4105 5.20304 11.3942 41.9429 39.5259 0 22.3055
5.45786 48.5842 1.88223 5.20304 15.1848 21.176 31.216 2.05672 22.3055 0

0 5.01509 8.06926 5.98259 27.4013 55.976 36.802 4.76859 4.58667 21.176
5.01509 0 1.88223 1.2214 35.1948 16.9188 25.1511 1.3269 8.06926 33.0682
8.06926 1.88223 0 1.56395 64.1825 20.2197 41.2733 2.44593 15.1848 61.4517
5.98259 1.2214 1.56395 0 41.2733 16.5624 27.901 1.56395 9.78011 39.3113
27.4013 35.1948 64.1825 41.2733 0 25.9394 3.82531 26.5823 5.98259 1.56395
55.976 16.9188 20.2197 16.5624 25.9394 0 7.38906 14.4159 25.9394 34.6054
36.802 25.1511 41.2733 27.901 3.82531 7.38906 0 19.1627 9.35647 5.58713
4.76859 1.3269 2.44593 1.56395 26.5823 14.4159 19.1627 0 6.3212 25.1511
4.58667 8.06926 15.1848 9.78011 5.98259 25.9394 9.35647 6.3212 0 4.76859
21.176 33.0682 61.4517 39.3113 1.56395 34.6054 5.58713 25.1511 4.76859 0

0 16.9188 27.4013 10.3024 7.38906 13.4637 8.61983 3.54278 6.5982 2.33621
16.9188 0 19.1627 9.6094 4.23008 1.56395 12.952 5.98259 3.82531 11.2078
27.4013 19.1627 0 2.77265 6.11703 25.3075 3.20974 30.1407 7.46313 39.9576
10.3024 9.6094 2.77265 0 2.44593 11.4881 1.49182 11.0232 2.93596 14.4159
7.38906 4.23008 6.11703 2.44593 0 4.76859 3.0999 5.20304 1.2214 7.83912
13.4637 1.56395 25.3075 11.4881 4.76859 0 14.7424 4.28886 4.11325 8.06926
8.61983 12.952 3.20974 1.49182 3.0999 14.7424 0 11.3942 3.59889 13.5676
3.54278 5.98259 30.1407 11.0232 5.20304 4.28886 11.3942 0 4.28886 1.88223
6.5982 3.82531 7.46313 2.93596 1.2214 4.11325 3.59889 4.28886 0 6.5982
2.33621 11.2078 39.9576 14.4159 7.83912 8.06926 13.5676 1.88223 6.5982 0

0 5.01509 2.71828 16.4446 7.16904 1.2214 1.3269 1.88223 3.20974 3.82531
5.01509 0 4.11325 11.4881 11.2078 4.23008 3.82531 9.35647 11.1153 7.68759
2.71828 4.11325 0 6.04965 3.0999 2.77265 2.28102 3.82531 2.93596 1.88223
16.4446 11.4881 6.04965 0 3.59889 16.5624 13.5676 21.315 11.2078 5.52233
7.16904 11.2078 3.0999 3.59889 0 7.83912 6.5982 7.46313 3.37553 1.88223
1.2214 4.23008 2.77265 16.5624 7.83912 0 1.2214 2.28102 3.82531 4.23008
1.3269 3.82531 2.28102 13.5676 6.5982 1.2214 0 2.44593 3.54278 3.59889
1.88223 9.35647 3.82531 21.315 7.46313 2.28102 2.44593 0 2.44593 4.0552
3.20974 11.1153 2.93596 11.2078 3.37553 3.82531 3.54278 2.44593 0 2.05672
3.82531 7.68759 1.88223 5.52233 1.88223 4.23008 3.59889 4.0552 2.05672 0

0 81.8218 24.5325 2.71828 29.9641 28.5772 70.2499 9.02501 3.59889 61.4517
81.8218 0 16.5624 31.216 31.5804 11.3942 2.05672 21.0376 22.7394 2.28102
24.5325 16.5624 0 15.1848 106.596 48.5842 25.1511 2.71828 10.391 7.68759
2.71828 31.216 15.1848 0 14.4159 11.3942 25.9394 5.98259 1.49182 25.3075
29.9641 31.5804 106.596 14.4159 0 2.77265 16.5624 57.3797 16.2108 47.5909
28.5772 11.3942 48.5842 11.3942 2.77265 0 6.04965 30.4962 11.0232 17.5239
70.2499 2.05672 25.1511 25.9394 16.5624 6.04965 0 25.9394 20.0855 4.23008
9.02501 21.0376 2.71828 5.98259 57.3797 30.4962 25.9394 0 4.23008 11.4881
3.59889 22.7394 10.391 1.49182 16.2108 11.0232 20.0855 4.23008 0 17.5239
61.4517 2.28102 7.68759 25.3075 47.5909 17.5239 4.23008 11.4881 17.5239 0

0 11.2078 30.4962 12.5513 35.7914 15.1848 7.38906 11.1153 17.5239 36.802
11.2078 0 11.2078 7.24201 9.78011 1.56395 11.2078 2.28102 11.1153 7.46313
30.4962 11.2078 0 2.44593 1.49182 16.0947 5.45786 25.3075 2.05672 2.28102
12.5513 7.24201 2.44593 0 3.0999 11.1153 2.44593 15.1848 1.56395 3.82531
35.7914 9.78011 1.49182 3.0999 0 13.4637 7.38906 22.3055 2.93596 1.56395
15.1848 1.56395 16.0947 11.1153 13.4637 0 17.5239 1.88223 16.9188 9.78011
7.38906 11.2078 5.45786 2.44593 7.38906 17.5239 0 20.0855 2.71828 9.35647
11.1153 2.28102 25.3075 15.1848 22.3055 1.88223 20.0855 0 23.6243 16.9188
17.5239 11.1153 2.05672 1.56395 2.93596 16.9188 2.71828 23.6243 0 4.11325
36.802 7.46313 2.28102 3.82531 1.56395 9.78011 9.35647 16.9188 4.11325 0

0 12.5513 2.71828 2.71828 27.901 8.38152 5.20304 19.5547 7.83912 20.0855
12.5513 0 24.6862 32.8795 2.93596 3.59889 18.3944 6.3212 1.88223 5.52233
2.71828 24.6862 0 3.32012 44.4664 11.2078 2.93596 51.3951 13.8819 23.6243
2.71828 32.8795 3.32012 0 75.6912 22.4495 9.35647 37.4181 21.176 52.9785
27.901 2.93596 44.4664 75.6912 0 4.11325 24.6862 16.4446 3.59889 3.20974
8.38152 3.59889 11.2078 22.4495 4.11325 0 6.04965 19.1627 2.05672 2.44593
5.20304 18.3944 2.93596 9.35647 24.6862 6.04965 0 61.7507 9.78011 10.391
19.5547 6.3212 51.3951 37.4181 16.4446 19.1627 61.7507 0 9.35647 34.6054
7.83912 1.88223 13.8819 21.176 3.59889 2.05672 9.78011 9.35647 0 4.0552
20.0855 5.52233 23.6243 52.9785 3.20974 2.44593 10.391 34.6054 4.0552 0

0 9.35647 14.4159 3.82531 7.83912 8.06926 11.4881 2.71828 8.38152 45.6496
9.35647 0 35.1948 18.3944 2.05672 9.6094 2.77265 13.5676 3.20974 11.3942
14.4159 35.1948 0 4.0552 17.8936 3.82531 17.5239 38.4615 12.2557 24.6862
3.82531 18.3944 4.0552 0 11.1153 4.23008 13.5676 9.78011 9.10726 35.7914
7.83912 2.05672 17.8936 11.1153 0 4.76859 1.56395 14.7424 1.56395 7.16904
8.06926 9.6094 3.82531 4.23008 4.76859 0 4.58667 21.315 3.20974 8.61983
11.4881 2.77265 17.5239 13.5676 1.56395 4.58667 0 22.7394 1.49182 4.58667
2.71828 13.5676 38.4615 9.78011 14.7424 21.315 22.7394 0 17.8936 99.9176
8.38152 3.20974 12.2557 9.10726 1.56395 3.20974 1.49182 17.8936 0 5.58713
45.6496 11.3942 24.6862 35.7914 7.16904 8.61983 4.58667 99.9176 5.58713 0

0 16.0947 9.78011 17.5239 2.71828 2.71828 13.8819 13.4637 15.1848 14.633
16.0947 0 7.46313 9.78011 12.952 17.1592 2.77265 1.49182 9.10726 4.76859
9.78011 7.46313 0 42.848 4.0552 5.01509 2.93596 5.01509 1.56395 23.6243
17.5239 9.78011 42.848 0 30.1407 36.5982 22.7394 12.7507 61.4517 2.05672
2.71828 12.952 4.0552 30.1407 0 1.3269 7.83912 9.6094 6.11703 20.6259
2.71828 17.1592 5.01509 36.5982 1.3269 0 10.3024 12.7507 7.38906 25.9394
13.8819 2.77265 2.93596 22.7394 7.83912 10.3024 0 1.88223 3.32012 11.4881
13.4637 1.49182 5.01509 12.7507 9.6094 12.7507 1.88223 0 6.11703 6.3212
15.1848 9.10726 1.56395 61.4517 6.11703 7.38906 3.32012 6.11703 0 32.8795
14.633 4.76859 23.6243 2.05672 20.6259 25.9394 11.4881 6.3212 32.8795 0

0 7.16904 14.633 4.0552 6.66831 11.3942 2.77265 3.59889 13.5676 7.38906
7.16904 0 25.9394 17.1592 4.0552 48.5842 2.71828 23.6243 42.848 48.5842
14.633 25.9394 0 4.76859 6.66831 4.95303 13.5676 11.4881 2.77265 54.5982
4.0552 17.1592 4.76859 0 7.16904 2.93596 6.5982 2.44593 3.37553 11.4881
6.66831 4.0552 6.66831 7.16904 0 17.1592 3.0999 13.8819 12.952 46.8559
11.3942 48.5842 4.95303 2.93596 17.1592 0 19.1627 4.28886 1.88223 17.8936
2.77265 2.71828 13.5676 6.5982 3.0999 19.1627 0 8.70007 18.3944 20.2197
3.59889 23.6243 11.4881 2.44593 13.8819 4.28886 8.70007 0 6.5982 4.76859
13.5676 42.848 2.77265 3.37553 12.952 1.88223 18.3944 6.5982 0 30.1407
7.38906 48.5842 54.5982 11.4881 46.8559 17.8936 20.2197 4.76859 30.1407 0

0 11.8682 27.901 24.6862 18.3944 9.35647 19.1627 8.06926 9.35647 11.1153
11.8682 0 3.54278 30.1407 15.1848 7.24201 2.28102 9.78011 7.24201 4.23008
27.901 3.54278 0 19.1627 9.35647 6.11703 1.56395 9.10726 6.11703 3.32012
24.6862 30.1407 19.1627 0 2.05672 4.23008 20.0855 3.54278 4.23008 7.24201
18.3944 15.1848 9.35647 2.05672 0 2.28102 9.78011 2.28102 2.28102 3.59889
9.35647 7.24201 6.11703 4.23008 2.28102 0 5.52233 1.49182 1 1.88223
19.1627 2.28102 1.56395 20.0855 9.78011 5.52233 0 8.06926 5.52233 2.93596
8.06926 9.78011 9.10726 3.54278 2.28102 1.49182 8.06926 0 1.49182 2.77265
9.35647 7.24201 6.11703 4.23008 2.28102 1 5.52233 1.49182 0 1.88223
11.1153 4.23008 3.32012 7.24201 3.59889 1.88223 2.93596 2.77265 1.88223 0

0 3.20974 1.76065 14.7424 20.2197 6.3212 23.6243 1.3269 4.76859 7.68759
3.20974 0 5.58713 22.8853 12.5513 11.8682 22.7394 3.0999 1.82212 7.24201
1.76065 5.58713 0 16.0947 31.5804 6.5982 31.5804 1.88223 8.38152 11.0232
14.7424 22.8853 16.0947 0 9.35647 2.44593 3.59889 19.5547 18.3944 4.0552
20.2197 12.5513 31.5804 9.35647 0 11.1153 3.32012 24.5325 7.16904 3.20974
6.3212 11.8682 6.5982 2.44593 11.1153 0 6.3212 8.38152 11.0232 3.59889
23.6243 22.7394 31.5804 3.59889 3.32012 6.3212 0 30.4962 14.7424 3.20974
1.3269 3.0999 1.88223 19.5547 24.5325 8.38152 30.4962 0 5.01509 9.78011
4.76859 1.82212 8.38152 18.3944 7.16904 11.0232 14.7424 5.01509 0 5.01509
7.68759 7.24201 11.0232 4.0552 3.20974 3.59889 3.20974 9.78011 5.01509 0

0 9.78011 21.0376 19.5547 2.28102 9.10726 3.0999 7.24201 18.3944 2.28102
9.78011 0 2.77265 13.4637 15.1848 8.61983 14.4159 1.49182 11.2078 15.1848
21.0376 2.77265 0 9.02501 26.5823 23.6243 37.4181 4.11325 7.38906 26.5823
19.5547 13.4637 9.02501 0 13.5676 80.346 55.976 16.0947 1.2214 13.5676
2.28102 15.1848 26.5823 13.5676 0 20.6259 6.5982 12.2557 13.4637 1
9.10726 8.61983 23.6243 80.346 20.6259 0 4.58667 5.98259 69.5914 20.6259
3.0999 14.4159 37.4181 55.976 6.5982 4.58667 0 9.78011 51.3951 6.5982
7.24201 1.49182 4.11325 16.0947 12.2557 5.98259 9.78011 0 13.5676 12.2557
18.3944 11.2078 7.38906 1.2214 13.4637 69.5914 51.3951 13.5676 0 13.4637
2.28102 15.1848 26.5823 13.5676 1 20.6259 6.5982 12.2557 13.4637 0

0 2.71828 2.05672 10.391 7.38906 43.5362 2.44593 5.20304 27.0716 21.176
2.71828 0 1.76065 4.23008 9.35647 19.5547 1.56395 8.38152 10.391 9.6094
2.05672 1.76065 0 7.38906 5.52233 21.176 2.28102 4.76859 13.8819 10.3024
10.391 4.23008 7.38906 0 35.1948 19.5547 4.28886 34.4105 6.5982 11.3942
7.38906 9.35647 5.52233 35.1948 0 24.5325 12.5513 1.76065 30.4962 13.8819
43.5362 19.5547 21.176 19.5547 24.5325 0 29.7882 37.4181 3.32012 2.05672
2.44593 1.56395 2.28102 4.28886 12.5513 29.7882 0 10.3024 14.633 14.7424
5.20304 8.38152 4.76859 34.4105 1.76065 37.4181 10.3024 0 39.9576 20.0855
27.0716 10.391 13.8819 6.5982 30.4962 3.32012 14.633 39.9576 0 2.71828
21.176 9.6094 10.3024 11.3942 13.8819 2.05672 14.7424 20.0855 2.71828 0

0 4.11325 15.1848 17.5239 11.3942 21.176 13.5676 4.11325 1.82212 45.6496
4.11325 0 36.802 36.802 4.58667 21.176 5.98259 2.44593 2.93596 61.7507
15.1848 36.802 0 1.49182 29.9641 7.83912 27.901 17.5239 27.0716 6.11703
17.5239 36.802 1.49182 0 25.3075 5.58713 22.8853 16.5624 30.4962 4.11325
11.3942 4.58667 29.9641 25.3075 0 7.46313 1.3269 2.77265 11.1153 24.6862
21.176 21.176 7.83912 5.58713 7.46313 0 6.04965 8.70007 30.1407 3.32012
13.5676 5.98259 27.901 22.8853 1.3269 6.04965 0 3.32012 13.8819 20.0855
4.11325 2.44593 17.5239 16.5624 2.77265 8.70007 3.32012 0 4.28886 25.3075
1.82212 2.93596 27.0716 30.4962 11.1153 30.1407 13.8819 4.28886 0 72.2539
45.6496 61.7507 6.11703 4.11325 24.6862 3.32012 20.0855 25.3075 72.2539 0

0 3.37553 3.82531 25.3075 17.8936 29.9641 3.37553 28.5772 81.8218 1.56395
3.37553 0 1.49182 7.83912 9.35647 30.4962 1 8.61983 35.7914 2.44593
3.82531 1.49182 0 6.66831 6.3212 21.0376 1.49182 7.68759 25.1511 3.0999
25.3075 7.83912 6.66831 0 6.3212 41.2733 7.83912 1.3269 9.10726 19.1627
17.8936 9.35647 6.3212 6.3212 0 6.5982 9.35647 8.38152 4.76859 17.5239
29.9641 30.4962 21.0376 41.2733 6.5982 0 30.4962 54.5982 16.4446 37.4181
3.37553 1 1.49182 7.83912 9.35647 30.4962 0 8.61983 35.7914 2.44593
28.5772 8.61983 7.68759 1.3269 8.38152 54.5982 8.61983 0 11.3942 21.0376
81.8218 35.7914 25.1511 9.10726 4.76859 16.4446 35.7914 11.3942 0 75.6912
1.56395 2.44593 3.0999 19.1627 17.5239 37.4181 2.44593 21.0376 75.6912 0

0 5.01509 5.01509 7.46313 33.0682 16.2108 10.3024 6.11703 11.2078 6.3212
5.01509 0 25.1511 1.76065 16.5624 11.8682 27.901 1.56395 26.5823 21.0376
5.01509 25.1511 0 36.5982 106.596 45.6496 9.35647 29.9641 11.8682 5.20304
7.46313 1.76065 36.5982 0 24.6862 19.5547 48.5842 1.2214 46.6128 35.7914
33.0682 16.5624 106.596 24.6862 0 2.44593 23.6243 24.5325 18.3944 29.9641
16.2108 11.8682 45.6496 19.5547 2.44593 0 9.78011 18.3944 7.68759 12.2557
10.3024 27.901 9.35647 48.5842 23.6243 9.78011 0 41.2733 1.3269 1.82212
6.11703 1.56395 29.9641 1.2214 24.5325 18.3944 41.2733 0 39.9576 29.9641
11.2078 26.5823 11.8682 46.6128 18.3944 7.68759 1.3269 39.9576 0 2.28102
6.3212 21.0376 5.20304 35.7914 29.9641 12.2557 1.82212 29.9641 2.28102 0

0 7.38906 11.1153 45.6496 13.5676 9.10726 2.77265 22.8853 14.633 1.49182
7.38906 0 1.56395 17.5239 23.6243 17.1592 7.83912 17.5239 12.5513 11.0232
11.1153 1.56395 0 20.2197 35.1948 25.9394 12.2557 23.6243 17.5239 16.5624
45.6496 17.5239 20.2197 0 11.1153 11.8682 20.0855 3.32012 4.28886 60.5614
13.5676 23.6243 35.1948 11.1153 0 1.49182 4.95303 3.37553 2.77265 14.4159
9.10726 17.1592 25.9394 11.8682 1.49182 0 3.32012 3.82531 2.77265 9.78011
2.77265 7.83912 12.2557 20.0855 4.95303 3.32012 0 8.70007 5.58713 3.20974
22.8853 17.5239 23.6243 3.32012 3.37553 3.82531 8.70007 0 1.56395 27.901
14.633 12.5513 17.5239 4.28886 2.77265 2.77265 5.58713 1.56395 0 17.8936
1.49182 11.0232 16.5624 60.5614 14.4159 9.78011 3.20974 27.901 17.8936 0

0 2.05672 6.3212 1.56395 32.8795 2.05672 13.4637 5.01509 4.11325 95.6506
2.05672 0 4.11325 3.20974 31.216 3.32012 25.1511 9.78011 2.93596 106.596
6.3212 4.11325 0 8.61983 9.78011 5.58713 33.0682 16.9188 1.56395 39.3113
1.56395 3.20974 8.61983 0 34.6054 1.88223 9.10726 3.32012 5.52233 89.5181
32.8795 31.216 9.78011 34.6054 0 18.3944 30.4962 30.1407 11.1153 4.28886
2.05672 3.32012 5.58713 1.88223 18.3944 0 7.68759 3.20974 3.59889 48.5842
13.4637 25.1511 33.0682 9.10726 30.4962 7.68759 0 2.77265 22.8853 36.802
5.01509 9.78011 16.9188 3.32012 30.1407 3.20974 2.77265 0 11.1153 53.7838
4.11325 2.93596 1.56395 5.52233 11.1153 3.59889 22.8853 11.1153 0 41.2733
95.6506 106.596 39.3113 89.5181 4.28886 48.5842 36.802 53.7838 41.2733 0

0 31.216 6.11703 1.2214 22.8853 6.66831 20.0855 1.3269 5.01509 5.58713
31.216 0 20.2197 36.802 1.82212 163.861 1.56395 30.1407 8.06926 6.66831
6.11703 20.2197 0 6.04965 20.6259 37.4181 13.4637 7.68759 2.93596 3.54278
1.2214 36.802 6.04965 0 27.4013 6.3212 23.6243 1.56395 5.58713 6.3212
22.8853 1.82212 20.6259 27.4013 0 106.596 1.76065 21.176 7.38906 6.04965
6.66831 163.861 37.4181 6.3212 106.596 0 108.435 5.98259 32.8795 35.7914
20.0855 1.56395 13.4637 23.6243 1.76065 108.435 0 19.5547 5.20304 4.28886
1.3269 30.1407 7.68759 1.56395 21.176 5.98259 19.5547 0 5.52233 5.98259
5.01509 8.06926 2.93596 5.58713 7.38906 32.8795 5.20304 5.52233 0 1.2214
5.58713 6.66831 3.54278 6.3212 6.04965 35.7914 4.28886 5.98259 1.2214 0

0 11.3942 2.05672 6.3212 23.6243 16.5624 17.5239 19.5547 1.88223 3.37553
11.3942 0 19.5547 3.59889 19.1627 25.9394 46.6128 2.05672 9.10726 3.82531
2.05672 19.5547 0 12.7507 47.5909 31.5804 30.1407 35.7914 3.82531 5.20304
6.3212 3.59889 12.7507 0 6.3212 7.38906 12.952 4.11325 3.82531 4.11325
23.6243 19.1627 47.5909 6.3212 0 2.28102 5.01509 14.7424 12.5513 24.6862
16.5624 25.9394 31.5804 7.38906 2.28102 0 2.22554 23.6243 9.02501 23.6243
17.5239 46.6128 30.1407 12.952 5.01509 2.22554 0 46.8559 10.391 33.0682
