500
0 3.0999 4.11325 2.33621 14.7424 7.16904 4.11325 32.8795 3.37553 2.77265
3.0999 0 6.11703 4.11325 19.5547 6.5982 3.20974 21.176 2.93596 1.88223
4.11325 6.11703 0 1.76065 3.59889 2.28102 14.633 11.1153 12.2557 8.61983
2.33621 4.11325 1.76065 0 6.3212 3.37553 8.61983 16.5624 7.16904 5.20304
14.7424 19.5547 3.59889 6.3212 0 3.32012 51.6565 7.38906 43.5362 29.9641
7.16904 6.5982 2.28102 3.37553 3.32012 0 19.5547 4.95303 16.9188 11.1153
4.11325 3.20974 14.633 8.61983 51.6565 19.5547 0 67.9658 1.2214 1.76065
32.8795 21.176 11.1153 16.5624 7.38906 4.95303 67.9658 0 61.4517 39.3113 
3.37553 2.93596 12.2557 7.16904 43.5362 16.9188 1.2214 61.4517 0 1.56395
2.77265 1.88223 8.61983 5.20304 29.9641 11.1153 1.76065 39.3113 1.56395 0

0 51.6565 24.5325 19.1627 17.1592 6.11703 14.633 3.37553 11.1153 47.5909
51.6565 0 7.46313 8.06926 3.37553 11.1153 3.59889 39.9576 25.1511 1.88223
24.5325 7.46313 0 23.6243 7.83912 4.11325 4.23008 36.802 46.6128 4.28886
19.1627 8.06926 23.6243 0 3.0999 11.3942 5.58713 8.38152 3.37553 12.2557
17.1592 3.37553 7.83912 3.0999 0 5.20304 1.88223 11.8682 8.06926 4.28886
6.11703 11.1153 4.11325 11.3942 5.20304 0 3.20974 9.35647 15.1848 8.70007
14.633 3.59889 4.23008 5.58713 1.88223 3.20974 0 13.4637 12.2557 3.37553
3.37553 39.9576 36.802 8.38152 11.8682 9.35647 13.4637 0 3.54278 44.9369
11.1153 25.1511 46.6128 3.37553 8.06926 15.1848 12.2557 3.54278 0 34.6054
47.5909 1.88223 4.28886 12.2557 4.28886 8.70007 3.37553 44.9369 34.6054 0

0 5.98259 13.5676 16.9188 30.1407 7.38906 55.976 1.88223 1.49182 37.4181
5.98259 0 4.11325 3.54278 23.6243 7.38906 16.5624 9.78011 8.61983 31.216
13.5676 4.11325 0 9.78011 7.38906 4.11325 4.28886 16.9188 17.1592 9.78011
16.9188 3.54278 9.78011 0 69.5914 25.1511 28.5772 30.1407 25.1511 92.3406
30.1407 23.6243 7.38906 69.5914 0 4.11325 7.46313 25.1511 30.1407 1.3269
7.38906 7.38906 4.11325 25.1511 4.11325 0 11.1153 6.66831 7.68759 5.20304
55.976 16.5624 4.28886 28.5772 7.46313 11.1153 0 64.1825 67.9658 9.02501
1.88223 9.78011 16.9188 30.1407 25.1511 6.66831 64.1825 0 1.3269 30.1407
1.49182 8.61983 17.1592 25.1511 30.1407 7.68759 67.9658 1.3269 0 36.5982
37.4181 31.216 9.78011 92.3406 1.3269 5.20304 9.02501 30.1407 36.5982 0

0 7.16904 9.35647 8.06926 4.11325 7.38906 1.88223 3.20974 6.04965 5.20304
7.16904 0 44.9369 5.45786 8.06926 51.6565 13.4637 11.1153 39.9576 3.37553
9.35647 44.9369 0 16.2108 6.3212 9.35647 6.3212 4.0552 2.77265 47.5909
8.06926 5.45786 16.2108 0 2.71828 48.5842 12.2557 4.76859 22.7394 13.4637
4.11325 8.06926 6.3212 2.71828 0 19.1627 5.20304 1.76065 8.38152 12.7507
7.38906 51.6565 9.35647 48.5842 19.1627 0 4.11325 11.2078 3.37553 27.0716
1.88223 13.4637 6.3212 12.2557 5.20304 4.11325 0 3.32012 3.37553 9.10726
3.20974 11.1153 4.0552 4.76859 1.76065 11.2078 3.32012 0 4.76859 13.5676
6.04965 39.9576 2.77265 22.7394 8.38152 3.37553 3.37553 4.76859 0 30.675
5.20304 3.37553 47.5909 13.4637 12.7507 27.0716 9.10726 13.5676 30.675 0

0 7.46313 3.82531 3.82531 7.24201 2.33621 3.0999 2.44593 15.1848 2.22554
7.46313 0 25.1511 16.2108 3.82531 13.8819 19.5547 16.5624 3.20974 8.06926
3.82531 25.1511 0 2.33621 15.1848 1.82212 4.28886 1.56395 57.3797 3.37553
3.82531 16.2108 2.33621 0 7.46313 1.82212 7.46313 2.28102 43.5362 2.05672
7.24201 3.82531 15.1848 7.46313 0 8.61983 22.4495 11.2078 12.2557 4.58667
2.33621 13.8819 1.82212 1.82212 8.61983 0 4.11325 1.3269 32.8795 1.88223
3.0999 19.5547 4.28886 7.46313 22.4495 4.11325 0 3.32012 29.9641 5.98259
2.44593 16.5624 1.56395 2.28102 11.2078 1.3269 3.32012 0 36.802 2.44593
15.1848 3.20974 57.3797 43.5362 12.2557 32.8795 29.9641 36.802 0 21.176
2.22554 8.06926 3.37553 2.05672 4.58667 1.88223 5.98259 2.44593 21.176 0

0 25.1511 8.06926 42.848 9.35647 7.16904 36.802 6.5982 47.5909 4.76859
25.1511 0 3.59889 1.82212 3.82531 51.6565 17.5239 6.04965 2.28102 21.176
8.06926 3.59889 0 5.58713 1.3269 14.633 9.78011 4.11325 5.98259 5.98259
42.848 1.82212 5.58713 0 5.45786 72.2539 16.4446 11.0232 1.3269 30.1407
9.35647 3.82531 1.3269 5.45786 0 13.5676 7.38906 5.45786 5.58713 5.58713
7.16904 51.6565 14.633 72.2539 13.5676 0 14.4159 30.1407 70.2499 2.44593
36.802 17.5239 9.78011 16.4446 7.38906 14.4159 0 39.9576 13.5676 9.10726
6.5982 6.04965 4.11325 11.0232 5.45786 30.1407 39.9576 0 13.5676 13.5676
47.5909 2.28102 5.98259 1.3269 5.58713 70.2499 13.5676 13.5676 0 29.7882
4.76859 21.176 5.98259 30.1407 5.58713 2.44593 9.10726 13.5676 29.7882 0

0 9.35647 4.11325 4.11325 12.5513 9.10726 11.3942 6.3212 5.45786 13.5676
9.35647 0 14.7424 32.8795 3.37553 1.2214 27.901 17.1592 42.848 84.8361
4.11325 14.7424 0 3.54278 9.78011 12.952 2.77265 1.56395 4.11325 5.98259
4.11325 32.8795 3.54278 0 30.1407 30.4962 7.24201 5.01509 1.3269 3.54278
12.5513 3.37553 9.78011 30.1407 0 2.77265 12.952 9.35647 37.4181 57.3797
9.10726 1.2214 12.952 30.4962 2.77265 0 23.6243 14.7424 39.5259 75.6912
11.3942 27.901 2.77265 7.24201 12.952 23.6243 0 1.82212 7.38906 6.11703
6.3212 17.1592 1.56395 5.01509 9.35647 14.7424 1.82212 0 5.52233 6.3212
5.45786 42.848 4.11325 1.3269 37.4181 39.5259 7.38906 5.52233 0 2.77265
13.5676 84.8361 5.98259 3.54278 57.3797 75.6912 6.11703 6.3212 2.77265 0

0 12.952 28.5772 5.52233 1.3269 1.88223 60.5614 8.70007 11.2078 29.9641
12.952 0 29.9641 9.35647 17.1592 11.2078 5.01509 2.28102 3.20974 4.28886
28.5772 29.9641 0 99.9176 32.8795 15.1848 44.9369 13.5676 9.35647 13.5676
5.52233 9.35647 99.9176 0 6.3212 8.70007 44.4664 11.3942 17.5239 36.5982
1.3269 17.1592 32.8795 6.3212 0 2.22554 80.346 11.4881 14.633 39.3113
1.88223 11.2078 15.1848 8.70007 2.22554 0 46.6128 6.3212 7.38906 20.0855
60.5614 5.01509 44.9369 44.4664 80.346 46.6128 0 7.38906 7.16904 3.32012
8.70007 2.28102 13.5676 11.3942 11.4881 6.3212 7.38906 0 1.56395 3.54278
11.2078 3.20974 9.35647 17.5239 14.633 7.38906 7.16904 1.56395 0 2.71828
29.9641 4.28886 13.5676 36.5982 39.3113 20.0855 3.32012 3.54278 2.71828 0

0 5.20304 3.59889 14.7424 9.02501 6.5982 3.54278 2.05672 2.28102 8.70007
5.20304 0 5.01509 4.28886 11.1153 1.82212 18.3944 2.71828 6.3212 22.8853
3.59889 5.01509 0 21.0376 27.0716 8.61983 8.06926 4.11325 1.88223 31.216
14.7424 4.28886 21.0376 0 7.68759 2.44593 48.5842 7.24201 23.6243 24.5325
9.02501 11.1153 27.0716 7.68759 0 7.38906 17.5239 6.66831 20.2197 3.54278
6.5982 1.82212 8.61983 2.44593 7.38906 0 22.8853 3.20974 9.78011 18.3944
3.54278 18.3944 8.06926 48.5842 17.5239 22.8853 0 7.16904 4.28886 9.02501
2.05672 2.71828 4.11325 7.24201 6.66831 3.20974 7.16904 0 3.54278 9.78011
2.28102 6.3212 1.88223 23.6243 20.2197 9.78011 4.28886 3.54278 0 19.1627
8.70007 22.8853 31.216 24.5325 3.54278 18.3944 9.02501 9.78011 19.1627 0

0 14.7424 16.0947 1.3269 3.54278 2.22554 4.28886 1.88223 1.56395 20.0855
14.7424 0 2.33621 19.5547 5.01509 8.70007 4.58667 11.4881 17.1592 1.49182
16.0947 2.33621 0 21.176 7.46313 11.8682 7.38906 15.1848 21.0376 3.20974
1.3269 19.5547 21.176 0 4.58667 2.77265 5.52233 2.22554 1.56395 26.5823
3.54278 5.01509 7.46313 4.58667 0 1.76065 1.2214 2.33621 3.59889 6.3212
2.22554 8.70007 11.8682 2.77265 1.76065 0 2.05672 1.3269 2.05672 11.1153
4.28886 4.58667 7.38906 5.52233 1.2214 2.05672 0 2.71828 4.23008 5.58713
1.88223 11.4881 15.1848 2.22554 2.33621 1.3269 2.71828 0 1.56395 14.7424
1.56395 17.1592 21.0376 1.56395 3.59889 2.05672 4.23008 1.56395 0 22.4495
20.0855 1.49182 3.20974 26.5823 6.3212 11.1153 5.58713 14.7424 22.4495 0

0 4.23008 1.88223 5.58713 11.8682 1.82212 2.33621 26.5823 14.633 6.5982
4.23008 0 7.83912 13.5676 5.52233 3.37553 4.58667 39.3113 17.8936 27.901
1.88223 7.83912 0 4.23008 17.5239 2.71828 3.54278 22.8853 14.4159 3.59889
5.58713 13.5676 4.23008 0 11.4881 4.28886 12.952 5.52233 4.11325 7.46313
11.8682 5.52233 17.5239 11.4881 0 6.66831 20.0855 13.5676 6.04965 57.3797
1.82212 3.37553 2.71828 4.28886 6.66831 0 3.82531 16.9188 8.70007 9.6094
2.33621 4.58667 3.54278 12.952 20.0855 3.82531 0 61.7507 33.0682 9.35647
26.5823 39.3113 22.8853 5.52233 13.5676 16.9188 61.7507 0 2.28102 37.4181
14.633 17.8936 14.4159 4.11325 6.04965 8.70007 33.0682 2.28102 0 30.675
6.5982 27.901 3.59889 7.46313 57.3797 9.6094 9.35647 37.4181 30.675 0

0 7.38906 5.20304 6.66831 1.88223 39.3113 14.4159 29.9641 61.7507 10.391
7.38906 0 9.6094 9.78011 4.11325 8.70007 2.33621 6.5982 11.1153 2.28102
5.20304 9.6094 0 30.1407 6.11703 81.8218 11.2078 13.4637 106.596 7.16904
6.66831 9.78011 30.1407 0 4.95303 13.4637 22.7394 64.1825 24.6862 21.176
1.88223 4.11325 6.11703 4.95303 0 21.176 8.61983 20.0855 32.8795 6.5982
39.3113 8.70007 81.8218 13.4637 21.176 0 11.8682 30.1407 1.88223 16.2108
14.4159 2.33621 11.2078 22.7394 8.61983 11.8682 0 2.93596 12.2557 1.56395
29.9641 6.5982 13.4637 64.1825 20.0855 30.1407 2.93596 0 27.0716 3.0999
61.7507 11.1153 106.596 24.6862 32.8795 1.88223 12.2557 27.0716 0 17.8936
10.391 2.28102 7.16904 21.176 6.5982 16.2108 1.56395 3.0999 17.8936 0

0 14.4159 5.01509 3.54278 6.5982 51.3951 6.04965 15.1848 28.5772 13.5676
14.4159 0 14.7424 9.78011 6.5982 4.11325 2.71828 1.2214 2.05672 2.22554
5.01509 14.7424 0 13.8819 2.44593 60.5614 5.58713 17.1592 29.7882 8.70007
3.54278 9.78011 13.8819 0 12.2557 25.1511 6.3212 9.35647 16.5624 13.5676
6.5982 6.5982 2.44593 12.2557 0 26.5823 2.77265 7.83912 12.952 3.59889
51.3951 4.11325 60.5614 25.1511 26.5823 0 11.1153 3.59889 2.05672 7.83912
6.04965 2.71828 5.58713 6.3212 2.77265 11.1153 0 3.0999 5.58713 2.28102
15.1848 1.2214 17.1592 9.35647 7.83912 3.59889 3.0999 0 1.88223 2.71828
28.5772 2.05672 29.7882 16.5624 12.952 2.05672 5.58713 1.88223 0 3.82531
13.5676 2.22554 8.70007 13.5676 3.59889 7.83912 2.28102 2.71828 3.82531 0

0 12.952 2.28102 12.952 31.216 1.2214 6.3212 11.4881 22.3055 24.6862
12.952 0 6.3212 1.76065 2.44593 11.1153 11.1153 2.05672 13.4637 8.70007
2.28102 6.3212 0 7.16904 14.7424 1.88223 7.38906 6.66831 11.2078 11.3942
12.952 1.76065 7.16904 0 3.32012 11.4881 7.46313 1.2214 22.8853 15.1848
31.216 2.44593 14.7424 3.32012 0 26.5823 24.6862 4.0552 16.5624 9.35647
1.2214 11.1153 1.88223 11.4881 26.5823 0 6.66831 10.3024 18.3944 20.2197
6.3212 11.1153 7.38906 7.46313 24.6862 6.66831 0 6.11703 72.2539 61.4517
11.4881 2.05672 6.66831 1.2214 4.0552 10.3024 6.11703 0 25.1511 17.1592
22.3055 13.4637 11.2078 22.8853 16.5624 18.3944 72.2539 25.1511 0 1.88223
24.6862 8.70007 11.3942 15.1848 9.35647 20.2197 61.4517 17.1592 1.88223 0

0 16.9188 14.7424 3.32012 1.2214 7.16904 21.176 2.71828 11.1153 7.46313
16.9188 0 10.391 18.3944 16.5624 19.5547 3.37553 9.35647 2.05672 2.71828
14.7424 10.391 0 36.802 16.9188 3.32012 31.5804 19.1627 5.20304 4.95303
3.32012 18.3944 36.802 0 2.71828 22.3055 13.8819 2.05672 16.0947 11.4881
1.2214 16.5624 16.9188 2.71828 0 8.61983 19.1627 2.33621 11.3942 7.68759
7.16904 19.5547 3.32012 22.3055 8.61983 0 46.8559 13.5676 9.6094 7.38906
21.176 3.37553 31.5804 13.8819 19.1627 46.8559 0 8.61983 6.11703 6.66831
2.71828 9.35647 19.1627 2.05672 2.33621 13.5676 8.61983 0 7.83912 5.58713
11.1153 2.05672 5.20304 16.0947 11.3942 9.6094 6.11703 7.83912 0 1.49182
7.46313 2.71828 4.95303 11.4881 7.68759 7.38906 6.66831 5.58713 1.49182 0

0 5.20304 22.7394 4.58667 1.76065 1.3269 3.54278 7.68759 33.0682 16.2108
5.20304 0 7.68759 4.11325 3.32012 4.11325 4.23008 1.49182 13.5676 9.78011
22.7394 7.68759 0 5.58713 12.952 17.1592 7.38906 7.38906 1.88223 2.77265
4.58667 4.11325 5.58713 0 2.77265 3.54278 1.3269 5.58713 7.38906 3.54278
1.76065 3.32012 12.952 2.77265 0 1.3269 2.22554 4.95303 19.1627 9.78011
1.3269 4.11325 17.1592 3.54278 1.3269 0 2.77265 6.11703 25.1511 12.5513
3.54278 4.23008 7.38906 1.3269 2.22554 2.77265 0 5.98259 9.78011 4.58667
7.68759 1.49182 7.38906 5.58713 4.95303 6.11703 5.98259 0 13.5676 11.2078
33.0682 13.5676 1.88223 7.38906 19.1627 25.1511 9.78011 13.5676 0 2.44593
16.2108 9.78011 2.77265 3.54278 9.78011 12.5513 4.58667 11.2078 2.44593 0

0 2.71828 24.5325 29.9641 36.802 24.5325 34.6054 19.5547 12.952 9.35647
2.71828 0 28.5772 34.6054 23.6243 28.5772 51.6565 31.216 8.06926 13.5676
24.5325 28.5772 0 1.2214 7.46313 1 2.77265 2.93596 7.38906 2.93596
29.9641 34.6054 1.2214 0 7.68759 1.2214 2.71828 3.20974 8.38152 3.54278
36.802 23.6243 7.46313 7.68759 0 7.46313 20.6259 20.2197 2.93596 12.5513
24.5325 28.5772 1 1.2214 7.46313 0 2.77265 2.93596 7.38906 2.93596
34.6054 51.6565 2.77265 2.71828 20.6259 2.77265 0 1.82212 19.1627 3.82531
19.5547 31.216 2.93596 3.20974 20.2197 2.93596 1.82212 0 15.1848 2.33621
12.952 8.06926 7.38906 8.38152 2.93596 7.38906 19.1627 15.1848 0 7.46313
9.35647 13.5676 2.93596 3.54278 12.5513 2.93596 3.82531 2.33621 7.46313 0

0 5.58713 27.0716 1.49182 1.3269 7.83912 13.4637 1.88223 17.5239 3.82531
5.58713 0 9.78011 7.24201 5.45786 12.5513 2.71828 10.3024 7.16904 1.56395
27.0716 9.78011 0 39.9576 31.5804 9.78011 15.1848 39.5259 1.56395 13.8819
1.49182 7.24201 39.9576 0 1.3269 11.2078 16.0947 1.88223 25.9394 4.76859
1.3269 5.45786 31.5804 1.3269 0 10.3024 12.2557 2.22554 20.6259 3.59889
7.83912 12.5513 9.78011 11.2078 10.3024 0 32.8795 7.68759 6.5982 12.2557
13.4637 2.71828 15.1848 16.0947 12.2557 32.8795 0 25.3075 12.7507 3.54278
1.88223 10.3024 39.5259 1.88223 2.22554 7.68759 25.3075 0 25.3075 7.16904
17.5239 7.16904 1.56395 25.9394 20.6259 6.5982 12.7507 25.3075 0 9.78011
3.82531 1.56395 13.8819 4.76859 3.59889 12.2557 3.54278 7.16904 9.78011 0

0 43.5362 5.01509 2.93596 7.83912 46.6128 4.0552 7.68759 2.28102 46.8559
43.5362 0 15.1848 41.9429 9.10726 3.59889 25.9394 7.38906 20.0855 7.24201
5.01509 15.1848 0 10.3024 8.06926 27.0716 9.6094 2.05672 2.44593 36.802
2.93596 41.9429 10.3024 0 5.01509 31.216 1.76065 11.8682 4.23008 25.9394
7.83912 9.10726 8.06926 5.01509 0 6.3212 2.93596 5.58713 5.01509 5.98259
46.6128 3.59889 27.0716 31.216 6.3212 0 17.8936 13.8819 25.1511 2.05672
4.0552 25.9394 9.6094 1.76065 2.93596 17.8936 0 9.35647 4.23008 14.7424
7.68759 7.38906 2.05672 11.8682 5.58713 13.8819 9.35647 0 3.37553 20.2197
2.28102 20.0855 2.44593 4.23008 5.01509 25.1511 4.23008 3.37553 0 28.5772
46.8559 7.24201 36.802 25.9394 5.98259 2.05672 14.7424 20.2197 28.5772 0

0 9.35647 20.6259 3.54278 2.71828 3.59889 7.68759 12.5513 4.11325 3.37553
9.35647 0 5.58713 2.71828 23.6243 2.77265 1.82212 6.3212 9.35647 4.23008
20.6259 5.58713 0 7.16904 37.4181 10.3024 3.59889 35.1948 39.3113 6.11703
3.54278 2.71828 7.16904 0 8.70007 1.56395 2.22554 7.68759 5.58713 1.82212
2.71828 23.6243 37.4181 8.70007 0 9.6094 17.5239 32.8795 9.35647 6.66831
3.59889 2.77265 10.3024 1.56395 9.6094 0 2.93596 5.01509 3.82531 2.77265
7.68759 1.82212 3.59889 2.22554 17.5239 2.93596 0 10.3024 11.2078 2.71828
12.5513 6.3212 35.1948 7.68759 32.8795 5.01509 10.3024 0 4.11325 13.8819
4.11325 9.35647 39.3113 5.58713 9.35647 3.82531 11.2078 4.11325 0 8.38152
3.37553 4.23008 6.11703 1.82212 6.66831 2.77265 2.71828 13.8819 8.38152 0

0 17.8936 19.1627 2.93596 19.1627 6.5982 7.38906 3.59889 5.01509 4.28886
17.8936 0 20.2197 6.3212 1.3269 15.1848 18.3944 64.1825 61.7507 4.76859
19.1627 20.2197 0 11.1153 16.4446 2.93596 2.77265 38.4615 16.5624 8.70007
2.93596 6.3212 11.1153 0 6.5982 4.58667 5.52233 10.3024 10.3024 1.49182
19.1627 1.3269 16.4446 6.5982 0 13.4637 16.2108 67.9658 60.5614 4.76859
6.5982 15.1848 2.93596 4.58667 13.4637 0 1.2214 13.5676 6.66831 4.11325
7.38906 18.3944 2.77265 5.52233 16.2108 1.2214 0 13.8819 6.3212 5.01509
3.59889 64.1825 38.4615 10.3024 67.9658 13.5676 13.8819 0 3.0999 14.633
5.01509 61.7507 16.5624 10.3024 60.5614 6.66831 6.3212 3.0999 0 12.952
4.28886 4.76859 8.70007 1.49182 4.76859 4.11325 5.01509 14.633 12.952 0

0 2.33621 1.56395 3.59889 3.59889 12.5513 38.4615 13.4637 2.05672 20.0855
2.33621 0 2.28102 4.28886 4.28886 9.78011 20.0855 11.1153 3.37553 11.8682
1.56395 2.28102 0 5.45786 5.45786 17.5239 44.9369 19.1627 3.20974 25.1511
3.59889 4.28886 5.45786 0 1 4.0552 19.1627 4.11325 1.88223 8.61983
3.59889 4.28886 5.45786 1 0 4.0552 19.1627 4.11325 1.88223 8.61983
12.5513 9.78011 17.5239 4.0552 4.0552 0 6.3212 1.2214 7.46313 2.71828
38.4615 20.0855 44.9369 19.1627 19.1627 6.3212 0 7.38906 30.4962 2.33621
13.4637 11.1153 19.1627 4.11325 4.11325 1.2214 7.38906 0 7.68759 3.20974
2.05672 3.37553 3.20974 1.88223 1.88223 7.46313 30.4962 7.68759 0 14.4159
20.0855 11.8682 25.1511 8.61983 8.61983 2.71828 2.33621 3.20974 14.4159 0

0 84.8361 24.6862 72.2539 46.6128 20.6259 106.596 38.4615 80.346 8.38152
84.8361 0 16.9188 1.2214 1.88223 21.315 1.88223 7.38906 1.76065 10.3024
24.6862 16.9188 0 16.5624 13.5676 1.3269 30.1407 2.44593 24.5325 9.6094
72.2539 1.2214 16.5624 0 1.56395 20.6259 1.82212 7.46313 1.56395 8.70007
46.6128 1.88223 13.5676 1.56395 0 16.4446 2.44593 6.66831 1.88223 5.58713
20.6259 21.315 1.3269 20.6259 16.4446 0 37.4181 3.20974 30.1407 9.78011
106.596 1.88223 30.1407 1.82212 2.44593 37.4181 0 13.5676 1.3269 12.7507
38.4615 7.38906 2.44593 7.46313 6.66831 3.20974 13.5676 0 11.3942 8.61983
80.346 1.76065 24.5325 1.56395 1.88223 30.1407 1.3269 11.3942 0 9.6094
8.38152 10.3024 9.6094 8.70007 5.58713 9.78011 12.7507 8.61983 9.6094 0

0 14.7424 2.93596 2.44593 24.6862 3.82531 3.37553 1.2214 27.0716 6.11703
14.7424 0 11.2078 12.2557 10.3024 4.58667 6.66831 12.952 4.76859 6.04965
2.93596 11.2078 0 1.2214 9.10726 5.20304 5.98259 3.20974 12.2557 10.391
2.44593 12.2557 1.2214 0 11.1153 5.01509 5.52233 2.71828 14.633 9.78011
24.6862 10.3024 9.10726 11.1153 0 19.1627 27.4013 25.1511 2.71828 36.802
3.82531 4.58667 5.20304 5.01509 19.1627 0 1.49182 3.20974 13.8819 2.05672
3.37553 6.66831 5.98259 5.52233 27.4013 1.49182 0 2.77265 20.6259 1.82212
1.2214 12.952 3.20974 2.71828 25.1511 3.20974 2.77265 0 25.9394 5.01509
27.0716 4.76859 12.2557 14.633 2.71828 13.8819 20.6259 25.9394 0 23.6243
6.11703 6.04965 10.391 9.78011 36.802 2.05672 1.82212 5.01509 23.6243 0

0 24.6862 30.4962 20.0855 30.1407 4.11325 6.66831 3.82531 7.38906 1.76065
24.6862 0 4.0552 8.61983 11.8682 6.04965 5.01509 57.3797 48.5842 38.4615
30.4962 4.0552 0 2.71828 3.20974 9.78011 4.58667 44.7012 27.0716 39.9576
20.0855 8.61983 2.71828 0 1.56395 9.35647 3.82531 21.315 11.1153 22.8853
30.1407 11.8682 3.20974 1.56395 0 14.633 5.98259 28.5772 13.5676 33.0682
4.11325 6.04965 9.78011 9.35647 14.633 0 2.44593 11.4881 13.5676 6.66831
6.66831 5.01509 4.58667 3.82531 5.98259 2.44593 0 11.8682 9.78011 9.10726
3.82531 57.3797 44.7012 21.315 28.5772 11.4881 11.8682 0 2.71828 2.28102
7.38906 48.5842 27.0716 11.1153 13.5676 13.5676 9.78011 2.71828 0 5.20304
1.76065 38.4615 39.9576 22.8853 33.0682 6.66831 9.10726 2.28102 5.20304 0

0 2.71828 2.71828 31.216 11.0232 3.54278 2.77265 17.5239 4.76859 6.5982
2.71828 0 1.88223 19.5547 13.4637 6.3212 4.76859 16.9188 2.77265 3.20974
2.71828 1.88223 0 12.2557 7.16904 3.82531 2.93596 9.10726 5.20304 2.44593
31.216 19.5547 12.2557 0 7.68759 17.8936 17.1592 4.0552 48.5842 6.3212
11.0232 13.4637 7.16904 7.68759 0 3.54278 4.11325 2.05672 36.802 8.38152
3.54278 6.3212 3.82531 17.8936 3.54278 0 1.3269 6.5982 15.1848 7.46313
2.77265 4.76859 2.93596 17.1592 4.11325 1.3269 0 7.16904 11.4881 6.04965
17.5239 16.9188 9.10726 4.0552 2.05672 6.5982 7.16904 0 46.8559 7.83912
4.76859 2.77265 5.20304 48.5842 36.802 15.1848 11.4881 46.8559 0 7.68759
6.5982 3.20974 2.44593 6.3212 8.38152 7.46313 6.04965 7.83912 7.68759 0

0 2.28102 14.4159 7.16904 6.5982 4.11325 8.61983 11.3942 25.1511 4.58667
2.28102 0 11.1153 4.95303 9.78011 9.35647 11.1153 12.2557 25.3075 6.3212
14.4159 11.1153 0 2.28102 6.5982 31.216 4.58667 2.77265 3.20974 5.45786
7.16904 4.95303 2.28102 0 6.11703 19.5547 5.01509 3.82531 6.3212 4.28886
6.5982 9.78011 6.5982 6.11703 0 6.3212 1.56395 2.71828 5.52233 1.56395
4.11325 9.35647 31.216 19.5547 6.3212 0 9.78011 16.2108 34.6054 5.98259
8.61983 11.1153 4.58667 5.01509 1.56395 9.78011 0 1.76065 3.54278 1.88223
11.3942 12.2557 2.77265 3.82531 2.71828 16.2108 1.76065 0 2.22554 2.77265
25.1511 25.3075 3.20974 6.3212 5.52233 34.6054 3.54278 2.22554 0 6.11703
4.58667 6.3212 5.45786 4.28886 1.56395 5.98259 1.88223 2.77265 6.11703 0

0 12.2557 4.58667 2.28102 2.05672 2.44593 15.1848 2.28102 9.10726 5.58713
12.2557 0 21.176 7.24201 14.4159 8.38152 1.49182 5.58713 9.35647 3.37553
4.58667 21.176 0 3.37553 9.35647 2.77265 29.9641 5.01509 37.4181 16.9188
2.28102 7.24201 3.37553 0 4.23008 1.2214 9.78011 1.49182 11.8682 5.01509
2.05672 14.4159 9.35647 4.23008 0 4.76859 16.2108 3.54278 5.52233 5.01509
2.44593 8.38152 2.77265 1.2214 4.76859 0 11.4881 1.82212 14.4159 6.11703
15.1848 1.49182 29.9641 9.78011 16.2108 11.4881 0 7.24201 8.06926 3.37553
2.28102 5.58713 5.01509 1.49182 3.54278 1.82212 7.24201 0 8.06926 3.37553
9.10726 9.35647 37.4181 11.8682 5.52233 14.4159 8.06926 8.06926 0 3.0999
5.58713 3.37553 16.9188 5.01509 5.01509 6.11703 3.37553 3.37553 3.0999 0

0 13.4637 12.952 7.16904 6.3212 13.4637 1.76065 46.6128 1.3269 60.5614
13.4637 0 5.52233 3.0999 2.44593 2.77265 9.35647 11.3942 16.5624 16.9188
12.952 5.52233 0 11.1153 3.37553 13.8819 7.38906 3.59889 13.5676 4.76859
7.16904 3.0999 11.1153 0 3.32012 1.88223 6.3212 30.4962 9.35647 44.4664
6.3212 2.44593 3.37553 3.32012 0 4.58667 4.0552 10.3024 7.46313 14.633
13.4637 2.77265 13.8819 1.88223 4.58667 0 11.4881 31.5804 17.5239 46.8559
1.76065 9.35647 7.38906 6.3212 4.0552 11.4881 0 26.5823 1.88223 34.4105
46.6128 11.3942 3.59889 30.4962 10.3024 31.5804 26.5823 0 48.5842 1.49182
1.3269 16.5624 13.5676 9.35647 7.46313 17.5239 1.88223 48.5842 0 61.7507
60.5614 16.9188 4.76859 44.4664 14.633 46.8559 34.4105 1.49182 61.7507 0

0 9.78011 6.3212 22.3055 4.23008 25.1511 46.8559 27.4013 36.5982 54.5982
9.78011 0 8.70007 16.0947 21.315 39.5259 16.9188 12.5513 41.2733 13.5676
6.3212 8.70007 0 3.54278 3.82531 5.01509 8.38152 4.76859 6.3212 11.4881
22.3055 16.0947 3.54278 0 11.1153 3.37553 2.93596 1.82212 2.71828 5.01509
4.23008 21.315 3.82531 11.1153 0 7.68759 30.1407 17.1592 12.5513 43.5362
25.1511 39.5259 5.01509 3.37553 7.68759 0 9.10726 6.11703 1.76065 16.4446
46.8559 16.9188 8.38152 2.93596 30.1407 9.10726 0 1.76065 6.11703 1.88223
27.4013 12.5513 4.76859 1.82212 17.1592 6.11703 1.76065 0 4.58667 2.77265
36.5982 41.2733 6.3212 2.71828 12.5513 1.76065 6.11703 4.58667 0 11.3942
54.5982 13.5676 11.4881 5.01509 43.5362 16.4446 1.88223 2.77265 11.3942 0

0 17.5239 5.52233 9.10726 10.3024 32.8795 4.11325 29.9641 2.77265 2.28102
17.5239 0 22.4495 2.71828 7.16904 2.44593 4.28886 2.33621 21.176 19.1627
5.52233 22.4495 0 8.38152 4.28886 52.9785 7.16904 25.1511 2.05672 2.44593
9.10726 2.71828 8.38152 0 2.77265 6.5982 2.44593 3.37553 8.61983 8.06926
10.3024 7.16904 4.28886 2.77265 0 17.5239 4.58667 6.3212 6.11703 6.3212
32.8795 2.44593 52.9785 6.5982 17.5239 0 8.70007 4.11325 46.6128 41.2733
4.11325 4.28886 7.16904 2.44593 4.58667 8.70007 0 7.46313 5.45786 4.76859
29.9641 2.33621 25.1511 3.37553 6.3212 4.11325 7.46313 0 28.5772 27.0716
2.77265 21.176 2.05672 8.61983 6.11703 46.6128 5.45786 28.5772 0 1.2214
2.28102 19.1627 2.44593 8.06926 6.3212 41.2733 4.76859 27.0716 1.2214 0

0 9.35647 20.6259 17.5239 3.0999 3.54278 3.20974 1.56395 1.88223 2.28102
9.35647 0 39.5259 3.20974 6.3212 2.71828 3.37553 6.11703 11.1153 7.68759
20.6259 39.5259 0 123.549 53.7838 21.176 16.0947 18.3944 11.1153 9.78011
17.5239 3.20974 123.549 0 7.46313 6.5982 8.70007 12.5513 25.3075 19.1627
3.0999 6.3212 53.7838 7.46313 0 3.54278 4.11325 2.93596 5.58713 5.52233
3.54278 2.71828 21.176 6.5982 3.54278 0 1.3269 2.28102 4.11325 2.93596
3.20974 3.37553 16.0947 8.70007 4.11325 1.3269 0 2.05672 3.32012 2.28102
1.56395 6.11703 18.3944 12.5513 2.93596 2.28102 2.05672 0 2.05672 1.88223
1.88223 11.1153 11.1153 25.3075 5.58713 4.11325 3.32012 2.05672 0 1.56395
2.28102 7.68759 9.78011 19.1627 5.52233 2.93596 2.28102 1.88223 1.56395 0

0 46.8559 2.71828 31.5804 16.2108 2.33621 20.6259 5.58713 11.3942 3.59889
46.8559 0 32.8795 3.54278 3.54278 24.5325 2.28102 11.3942 93.1596 22.8853
2.71828 32.8795 0 16.5624 14.7424 4.0552 14.633 7.16904 5.01509 1.49182
31.5804 3.54278 16.5624 0 5.98259 21.0376 2.93596 12.952 33.0682 11.1153
16.2108 3.54278 14.7424 5.98259 0 7.68759 2.05672 3.32012 57.3797 11.1153
2.33621 24.5325 4.0552 21.0376 7.68759 0 11.1153 2.44593 20.2197 4.28886
20.6259 2.28102 14.633 2.93596 2.05672 11.1153 0 5.52233 45.6496 10.3024
5.58713 11.3942 7.16904 12.952 3.32012 2.44593 5.52233 0 34.6054 6.3212
11.3942 93.1596 5.01509 33.0682 57.3797 20.2197 45.6496 34.6054 0 5.52233
3.59889 22.8853 1.49182 11.1153 11.1153 4.28886 10.3024 6.3212 5.52233 0

0 15.1848 4.95303 2.44593 20.6259 5.58713 4.11325 46.8559 4.28886 31.216
15.1848 0 3.59889 9.02501 3.54278 15.1848 35.1948 3.59889 5.45786 3.37553
4.95303 3.59889 0 4.23008 4.28886 4.58667 9.78011 12.7507 1.56395 10.3024
2.44593 9.02501 4.23008 0 17.5239 9.78011 9.78011 23.6243 4.76859 14.633
20.6259 3.54278 4.28886 17.5239 0 9.35647 28.5772 9.35647 4.95303 11.1153
5.58713 15.1848 4.58667 9.78011 9.35647 0 3.32012 54.5982 2.93596 46.8559
4.11325 35.1948 9.78011 9.78011 28.5772 3.32012 0 123.549 6.5982 93.1596
46.8559 3.59889 12.7507 23.6243 9.35647 54.5982 123.549 0 19.5547 1.88223
4.28886 5.45786 1.56395 4.76859 4.95303 2.93596 6.5982 19.5547 0 16.0947
31.216 3.37553 10.3024 14.633 11.1153 46.8559 93.1596 1.88223 16.0947 0

0 5.58713 4.58667 2.28102 2.93596 21.176 13.5676 6.3212 14.633 19.1627
5.58713 0 4.95303 3.37553 2.71828 108.435 70.2499 34.4105 72.2539 36.5982
4.58667 4.95303 0 6.3212 6.5982 36.802 25.1511 15.1848 23.6243 7.38906
2.28102 3.37553 6.3212 0 1.3269 46.8559 29.9641 13.5676 32.8795 36.802
2.93596 2.71828 6.5982 1.3269 0 61.4517 39.3113 17.8936 42.848 41.9429
21.176 108.435 36.802 46.8559 61.4517 0 1.56395 3.54278 1.56395 20.0855
13.5676 70.2499 25.1511 29.9641 39.3113 1.56395 0 2.28102 1.3269 16.9188
6.3212 34.4105 15.1848 13.5676 17.8936 3.54278 2.28102 0 2.71828 17.5239
14.633 72.2539 23.6243 32.8795 42.848 1.56395 1.3269 2.71828 0 13.5676
19.1627 36.5982 7.38906 36.802 41.9429 20.0855 16.9188 17.5239 13.5676 0

0 6.11703 67.9658 32.8795 16.9188 4.58667 9.35647 1.56395 16.5624 16.9188
6.11703 0 20.0855 6.5982 2.77265 7.38906 3.37553 4.0552 2.71828 2.77265
67.9658 20.0855 0 4.11325 15.1848 22.3055 7.38906 54.5982 12.5513 15.1848
32.8795 6.5982 4.11325 0 3.82531 17.5239 4.11325 23.6243 3.20974 3.82531
16.9188 2.77265 15.1848 3.82531 0 17.1592 5.01509 11.1153 1.2214 1
4.58667 7.38906 22.3055 17.5239 17.1592 0 4.28886 5.01509 15.1848 17.1592
9.35647 3.37553 7.38906 4.11325 5.01509 4.28886 0 7.38906 4.23008 5.01509
1.56395 4.0552 54.5982 23.6243 11.1153 5.01509 7.38906 0 11.0232 11.1153
16.5624 2.71828 12.5513 3.20974 1.2214 15.1848 4.23008 11.0232 0 1.2214
16.9188 2.77265 15.1848 3.82531 1 17.1592 5.01509 11.1153 1.2214 0

0 46.8559 50.8752 19.1627 30.4962 15.1848 11.2078 34.6054 17.5239 2.22554
46.8559 0 4.95303 10.3024 2.33621 15.1848 25.1511 5.20304 3.82531 57.3797
50.8752 4.95303 0 3.54278 9.78011 48.5842 70.2499 1.49182 12.2557 44.9369
19.1627 10.3024 3.54278 0 14.4159 41.9429 51.3951 2.44593 13.4637 14.4159
30.4962 2.33621 9.78011 14.4159 0 6.5982 11.2078 9.10726 1.82212 43.5362
15.1848 15.1848 48.5842 41.9429 6.5982 0 1.82212 39.3113 4.11325 29.9641
11.2078 25.1511 70.2499 51.3951 11.2078 1.82212 0 54.5982 6.5982 23.6243
34.6054 5.20304 1.49182 2.44593 9.10726 39.3113 54.5982 0 10.391 30.1407
17.5239 3.82531 12.2557 13.4637 1.82212 4.11325 6.5982 10.391 0 26.5823
2.22554 57.3797 44.9369 14.4159 43.5362 29.9641 23.6243 30.1407 26.5823 0

0 1.88223 11.2078 2.22554 4.28886 4.58667 19.5547 1.56395 11.1153 2.77265
1.88223 0 12.952 1.3269 5.01509 3.0999 11.1153 1.56395 6.3212 1.76065
11.2078 12.952 0 17.1592 47.5909 39.9576 24.6862 16.0947 64.1825 22.7394
2.22554 1.3269 17.1592 0 4.28886 2.33621 11.4881 1.56395 5.01509 1.3269
4.28886 5.01509 47.5909 4.28886 0 3.59889 46.8559 3.32012 10.3024 3.82531
4.58667 3.0999 39.9576 2.33621 3.59889 0 15.1848 2.93596 2.93596 1.76065
19.5547 11.1153 24.6862 11.4881 46.8559 15.1848 0 17.1592 9.10726 12.2557
1.56395 1.56395 16.0947 1.56395 3.32012 2.93596 17.1592 0 7.38906 1.82212
11.1153 6.3212 64.1825 5.01509 10.3024 2.93596 9.10726 7.38906 0 4.0552
2.77265 1.76065 22.7394 1.3269 3.82531 1.76065 12.2557 1.82212 4.0552 0

0 5.01509 6.5982 6.04965 1.3269 5.20304 11.1153 16.2108 8.70007 2.77265
5.01509 0 1.3269 2.44593 4.76859 25.3075 11.3942 30.675 7.68759 5.01509
6.5982 1.3269 0 2.77265 6.3212 32.8795 13.5676 38.4615 9.10726 6.04965
6.04965 2.44593 2.77265 0 5.01509 30.675 4.95303 15.1848 3.32012 9.35647
1.3269 4.76859 6.3212 5.01509 0 6.11703 8.38152 12.5513 6.5982 3.54278
5.20304 25.3075 32.8795 30.675 6.11703 0 36.802 30.1407 32.8795 7.24201
11.1153 11.3942 13.5676 4.95303 8.38152 36.802 0 3.59889 1.49182 26.5823
16.2108 30.675 38.4615 15.1848 12.5513 30.1407 3.59889 0 5.01509 44.4664
8.70007 7.68759 9.10726 3.32012 6.5982 32.8795 1.49182 5.01509 0 19.5547
2.77265 5.01509 6.04965 9.35647 3.54278 7.24201 26.5823 44.4664 19.5547 0

0 11.1153 1.49182 27.0716 6.3212 5.20304 2.93596 9.6094 4.76859 6.3212
11.1153 0 7.46313 2.71828 4.11325 14.7424 4.58667 5.01509 7.24201 4.11325
1.49182 7.46313 0 18.3944 4.76859 4.95303 2.05672 7.38906 3.82531 4.76859
27.0716 2.71828 18.3944 0 6.3212 39.9576 12.2557 5.98259 19.5547 6.3212
6.3212 4.11325 4.76859 6.3212 0 19.5547 5.20304 1.56395 11.3942 1
5.20304 14.7424 4.95303 39.9576 19.5547 0 3.82531 30.4962 2.05672 19.5547
2.93596 4.58667 2.05672 12.2557 5.20304 3.82531 0 8.06926 2.22554 5.20304
9.6094 5.01509 7.38906 5.98259 1.56395 30.4962 8.06926 0 17.5239 1.56395
4.76859 7.24201 3.82531 19.5547 11.3942 2.05672 2.22554 17.5239 0 11.3942
6.3212 4.11325 4.76859 6.3212 1 19.5547 5.20304 1.56395 11.3942 0

0 19.5547 7.16904 14.4159 5.98259 22.8853 3.54278 1.2214 3.20974 5.52233
19.5547 0 39.9576 5.01509 8.06926 11.0232 25.9394 23.6243 9.02501 3.54278
7.16904 39.9576 0 64.1825 5.01509 123.549 25.3075 6.66831 5.01509 14.633
14.4159 5.01509 64.1825 0 17.1592 2.28102 9.78011 17.5239 12.952 4.76859
5.98259 8.06926 5.01509 17.1592 0 36.802 16.9188 6.5982 1.88223 3.59889
22.8853 11.0232 123.549 2.28102 36.802 0 11.1153 27.4013 25.9394 10.3024
3.54278 25.9394 25.3075 9.78011 16.9188 11.1153 0 3.82531 9.10726 8.70007
1.2214 23.6243 6.66831 17.5239 6.5982 27.4013 3.82531 0 3.59889 6.66831
3.20974 9.02501 5.01509 12.952 1.88223 25.9394 9.10726 3.59889 0 2.93596
5.52233 3.54278 14.633 4.76859 3.59889 10.3024 8.70007 6.66831 2.93596 0

0 12.952 46.6128 61.7507 13.5676 2.44593 1.2214 19.5547 26.5823 2.22554
12.952 0 4.28886 4.76859 11.2078 5.98259 14.7424 4.76859 2.05672 8.61983
46.6128 4.28886 0 2.44593 13.8819 19.5547 54.5982 4.11325 2.77265 25.9394
61.7507 4.76859 2.44593 0 29.9641 27.901 70.2499 9.10726 2.33621 39.3113
13.5676 11.2078 13.8819 29.9641 0 6.66831 16.5624 3.37553 17.5239 6.11703
2.44593 5.98259 19.5547 27.901 6.66831 0 2.93596 8.06926 12.2557 1.49182
1.2214 14.7424 54.5982 70.2499 16.5624 2.93596 0 23.6243 30.1407 2.71828
19.5547 4.76859 4.11325 9.10726 3.37553 8.06926 23.6243 0 5.98259 9.35647
26.5823 2.05672 2.77265 2.33621 17.5239 12.2557 30.1407 5.98259 0 17.5239
2.22554 8.61983 25.9394 39.3113 6.11703 1.49182 2.71828 9.35647 17.5239 0

0 3.82531 14.7424 2.93596 13.8819 3.54278 4.95303 27.901 12.2557 7.83912
3.82531 0 52.9785 9.6094 35.7914 11.1153 12.2557 93.1596 39.9576 25.9394
14.7424 52.9785 0 5.58713 4.58667 11.8682 6.3212 2.22554 1.88223 2.28102
2.93596 9.6094 5.58713 0 4.95303 5.01509 2.05672 9.78011 4.23008 2.71828
13.8819 35.7914 4.58667 4.95303 0 22.3055 2.93596 4.11325 2.44593 2.71828
3.54278 11.1153 11.8682 5.01509 22.3055 0 10.3024 25.9394 13.4637 9.10726
4.95303 12.2557 6.3212 2.05672 2.93596 10.3024 0 8.70007 3.82531 2.77265
27.901 93.1596 2.22554 9.78011 4.11325 25.9394 8.70007 0 2.33621 3.59889
12.2557 39.9576 1.88223 4.23008 2.44593 13.4637 3.82531 2.33621 0 1.56395
7.83912 25.9394 2.28102 2.71828 2.71828 9.10726 2.77265 3.59889 1.56395 0

0 11.0232 6.04965 6.11703 2.05672 13.5676 5.01509 8.06926 8.70007 30.1407
11.0232 0 1.82212 1.88223 17.5239 11.2078 3.59889 2.05672 8.70007 13.5676
6.04965 1.82212 0 1.2214 9.78011 9.35647 2.44593 1.88223 6.66831 13.8819
6.11703 1.88223 1.2214 0 9.35647 11.3942 2.93596 1.56395 8.06926 16.9188
2.05672 17.5239 9.78011 9.35647 0 27.901 9.78011 11.0232 17.8936 61.7507
13.5676 11.2078 9.35647 11.3942 27.901 0 4.0552 17.5239 1.56395 2.44593
5.01509 3.59889 2.44593 2.93596 9.78011 4.0552 0 4.58667 2.77265 7.16904
8.06926 2.05672 1.88223 1.56395 11.0232 17.5239 4.58667 0 12.5513 24.6862
8.70007 8.70007 6.66831 8.06926 17.8936 1.56395 2.77265 12.5513 0 3.59889
30.1407 13.5676 13.8819 16.9188 61.7507 2.44593 7.16904 24.6862 3.59889 0

0 73.2723 27.0716 1.56395 29.9641 5.01509 14.633 7.38906 4.28886 4.76859
73.2723 0 3.82531 57.3797 7.68759 21.315 5.01509 10.391 31.5804 18.3944
27.0716 3.82531 0 19.5547 2.28102 11.8682 2.44593 5.20304 17.5239 9.35647
1.56395 57.3797 19.5547 0 20.2197 5.20304 11.4881 6.3212 4.95303 4.58667
29.9641 7.68759 2.28102 20.2197 0 19.1627 4.76859 8.70007 27.4013 14.633
5.01509 21.315 11.8682 5.20304 19.1627 0 5.01509 2.28102 1.49182 1.3269
14.633 5.01509 2.44593 11.4881 4.76859 5.01509 0 2.22554 7.46313 4.0552
7.38906 10.391 5.20304 6.3212 8.70007 2.28102 2.22554 0 3.37553 1.82212
4.28886 31.5804 17.5239 4.95303 27.4013 1.49182 7.46313 3.37553 0 1.88223
4.76859 18.3944 9.35647 4.58667 14.633 1.3269 4.0552 1.82212 1.88223 0

0 1.76065 7.38906 6.11703 4.28886 7.46313 6.3212 11.4881 15.1848 14.4159
1.76065 0 8.61983 4.58667 2.71828 11.8682 3.59889 6.5982 14.7424 11.2078
7.38906 8.61983 0 4.58667 22.3055 4.28886 16.5624 22.3055 2.71828 5.58713
6.11703 4.58667 4.58667 0 8.38152 14.7424 4.28886 5.01509 4.28886 2.44593
4.28886 2.71828 22.3055 8.38152 0 31.5804 2.77265 4.95303 33.0682 19.5547
7.46313 11.8682 4.28886 14.7424 31.5804 0 35.7914 57.3797 11.3942 22.8853
6.3212 3.59889 16.5624 4.28886 2.77265 35.7914 0 1.88223 18.3944 8.70007
11.4881 6.5982 22.3055 5.01509 4.95303 57.3797 1.88223 0 20.2197 8.06926
15.1848 14.7424 2.71828 4.28886 33.0682 11.3942 18.3944 20.2197 0 2.93596
14.4159 11.2078 5.58713 2.44593 19.5547 22.8853 8.70007 8.06926 2.93596 0

0 1.3269 3.32012 25.3075 2.93596 13.5676 2.77265 16.2108 25.3075 15.1848
1.3269 0 4.11325 28.5772 3.82531 12.952 3.54278 18.3944 32.8795 14.7424
3.32012 4.11325 0 8.70007 1.56395 9.10726 4.11325 5.58713 8.70007 9.35647
25.3075 28.5772 8.70007 0 12.952 6.5982 35.1948 1.56395 11.0232 5.58713
2.93596 3.82531 1.56395 12.952 0 13.8819 2.71828 8.38152 8.61983 14.4159
13.5676 12.952 9.10726 6.5982 13.8819 0 30.4962 5.45786 42.848 1.2214
2.77265 3.54278 4.11325 35.1948 2.71828 30.4962 0 22.7394 16.5624 32.8795
16.2108 18.3944 5.58713 1.56395 8.38152 5.45786 22.7394 0 9.35647 4.76859
25.3075 32.8795 8.70007 11.0232 8.61983 42.848 16.5624 9.35647 0 39.5259
15.1848 14.7424 9.35647 5.58713 14.4159 1.2214 32.8795 4.76859 39.5259 0

0 6.66831 4.11325 9.6094 31.216 35.7914 10.3024 16.4446 20.2197 7.46313
6.66831 0 2.44593 2.77265 9.10726 5.58713 1.88223 17.1592 17.8936 1.56395
4.11325 2.44593 0 2.33621 7.83912 9.78011 2.77265 7.83912 8.61983 3.59889
9.6094 2.77265 2.33621 0 3.54278 4.95303 1.76065 7.38906 7.24201 4.28886
31.216 9.10726 7.83912 3.54278 0 5.45786 4.95303 7.38906 6.11703 13.4637
35.7914 5.58713 9.78011 4.95303 5.45786 0 3.54278 30.4962 27.4013 6.3212
10.3024 1.88223 2.77265 1.76065 4.95303 3.54278 0 12.952 12.7507 2.71828
16.4446 17.1592 7.83912 7.38906 7.38906 30.4962 12.952 0 1.3269 26.5823
20.2197 17.8936 8.61983 7.24201 6.11703 27.4013 12.7507 1.3269 0 27.901
7.46313 1.56395 3.59889 4.28886 13.4637 6.3212 2.71828 26.5823 27.901 0

0 4.11325 7.68759 5.20304 9.35647 14.633 13.4637 35.1948 11.0232 13.5676
4.11325 0 7.83912 20.2197 9.35647 9.10726 9.35647 84.8361 44.9369 17.8936
7.68759 7.83912 0 12.952 1.2214 2.44593 2.05672 15.1848 31.216 2.33621
5.20304 20.2197 12.952 0 14.7424 31.216 26.5823 11.8682 2.44593 13.5676
9.35647 9.35647 1.2214 14.7424 0 2.28102 1.88223 14.4159 35.1948 2.05672
14.633 9.10726 2.44593 31.216 2.28102 0 1.2214 30.675 75.6912 4.11325
13.4637 9.35647 2.05672 26.5823 1.88223 1.2214 0 25.1511 64.1825 3.37553
35.1948 84.8361 15.1848 11.8682 14.4159 30.675 25.1511 0 16.5624 7.46313
11.0232 44.9369 31.216 2.44593 35.1948 75.6912 64.1825 16.5624 0 30.1407
13.5676 17.8936 2.33621 13.5676 2.05672 4.11325 3.37553 7.46313 30.1407 0

0 2.28102 60.5614 36.802 34.4105 30.1407 30.4962 48.5842 61.7507 13.5676
2.28102 0 43.5362 22.4495 25.1511 22.8853 16.0947 29.7882 46.8559 8.38152
60.5614 43.5362 0 2.77265 1.76065 2.05672 6.3212 2.44593 1.3269 5.52233
36.802 22.4495 2.77265 0 2.33621 2.71828 2.28102 1.3269 3.54278 2.71828
34.4105 25.1511 1.76065 2.33621 0 1.2214 5.01509 2.44593 1.88223 3.37553
30.1407 22.8853 2.05672 2.71828 1.2214 0 5.58713 2.93596 2.05672 3.32012
30.4962 16.0947 6.3212 2.28102 5.01509 5.58713 0 2.71828 8.06926 2.77265
48.5842 29.7882 2.44593 1.3269 2.44593 2.93596 2.71828 0 3.20974 3.59889
61.7507 46.8559 1.3269 3.54278 1.88223 2.05672 8.06926 3.20974 0 6.3212
13.5676 8.38152 5.52233 2.71828 3.37553 3.32012 2.77265 3.59889 6.3212 0

0 20.6259 4.11325 11.4881 16.5624 4.11325 7.16904 33.0682 36.802 31.216
20.6259 0 19.5547 9.6094 1.3269 5.01509 3.54278 4.0552 1.88223 13.4637
4.11325 19.5547 0 3.82531 17.5239 5.45786 5.52233 16.9188 36.802 9.78011
11.4881 9.6094 3.82531 0 9.78011 6.04965 3.54278 5.01509 17.1592 2.71828
16.5624 1.3269 17.5239 9.78011 0 4.0552 3.20974 5.01509 2.22554 15.1848
4.11325 5.01509 5.45786 6.04965 4.0552 0 2.05672 9.6094 9.02501 14.4159
7.16904 3.54278 5.52233 3.54278 3.20974 2.05672 0 4.76859 6.66831 7.46313
33.0682 4.0552 16.9188 5.01509 5.01509 9.6094 4.76859 0 5.52233 4.11325
36.802 1.88223 36.802 17.1592 2.22554 9.02501 6.66831 5.52233 0 21.176
31.216 13.4637 9.78011 2.71828 15.1848 14.4159 7.46313 4.11325 21.176 0

0 2.05672 19.1627 4.11325 16.0947 2.33621 17.5239 6.11703 7.68759 5.98259
2.05672 0 39.3113 2.93596 23.6243 4.76859 35.7914 11.1153 15.1848 11.4881
19.1627 39.3113 0 52.4467 16.5624 8.61983 1.2214 5.98259 3.20974 6.11703
4.11325 2.93596 52.4467 0 13.4637 8.61983 45.6496 10.3024 17.1592 23.6243
16.0947 23.6243 16.5624 13.4637 0 14.7424 13.5676 3.82531 6.3212 29.9641
2.33621 4.76859 8.61983 8.61983 14.7424 0 8.06926 4.23008 4.11325 2.77265
17.5239 35.7914 1.2214 45.6496 13.5676 8.06926 0 5.01509 2.71828 6.3212
6.11703 11.1153 5.98259 10.3024 3.82531 4.23008 5.01509 0 1.88223 7.83912
7.68759 15.1848 3.20974 17.1592 6.3212 4.11325 2.71828 1.88223 0 5.45786
5.98259 11.4881 6.11703 23.6243 29.9641 2.77265 6.3212 7.83912 5.45786 0

0 6.3212 26.5823 22.4495 17.5239 8.38152 1.2214 9.10726 2.33621 2.71828
6.3212 0 46.8559 32.8795 44.9369 52.4467 5.45786 36.802 14.7424 14.633
26.5823 46.8559 0 1.56395 2.22554 34.6054 23.6243 6.3212 26.5823 52.9785
22.4495 32.8795 1.56395 0 2.93596 38.4615 19.5547 7.38906 25.1511 48.5842
17.5239 44.9369 2.22554 2.93596 0 16.2108 16.2108 2.93596 14.7424 30.1407
8.38152 52.4467 34.6054 38.4615 16.2108 0 9.6094 5.52233 3.59889 5.20304
1.2214 5.45786 23.6243 19.5547 16.2108 9.6094 0 9.02501 2.71828 3.32012
9.10726 36.802 6.3212 7.38906 2.93596 5.52233 9.02501 0 5.98259 12.2557
2.33621 14.7424 26.5823 25.1511 14.7424 3.59889 2.71828 5.98259 0 2.05672
2.71828 14.633 52.9785 48.5842 30.1407 5.20304 3.32012 12.2557 2.05672 0

0 1.76065 19.5547 3.54278 3.54278 3.54278 7.38906 52.9785 15.1848 1.56395
1.76065 0 34.4105 4.95303 4.95303 4.95303 12.952 93.1596 26.5823 2.28102
19.5547 34.4105 0 15.1848 13.4637 13.4637 2.93596 2.93596 1.49182 17.1592
3.54278 4.95303 15.1848 0 9.6094 9.6094 5.20304 33.0682 13.8819 5.01509
3.54278 4.95303 13.4637 9.6094 0 1 7.38906 39.5259 9.35647 2.28102
3.54278 4.95303 13.4637 9.6094 1 0 7.38906 39.5259 9.35647 2.28102
7.38906 12.952 2.93596 5.20304 7.38906 7.38906 0 7.24201 2.71828 7.16904
52.9785 93.1596 2.93596 33.0682 39.5259 39.5259 7.24201 0 4.28886 48.5842
15.1848 26.5823 1.49182 13.8819 9.35647 9.35647 2.71828 4.28886 0 12.7507
1.56395 2.28102 17.1592 5.01509 2.28102 2.28102 7.16904 48.5842 12.7507 0

0 8.70007 52.4467 2.93596 2.71828 6.66831 23.6243 12.5513 17.1592 2.05672
8.70007 0 6.5982 4.11325 3.54278 1.82212 4.0552 2.05672 2.71828 12.5513
52.4467 6.5982 0 20.0855 19.5547 11.2078 2.77265 7.68759 3.20974 64.1825
2.93596 4.11325 20.0855 0 1.3269 4.28886 8.38152 7.46313 6.3212 3.20974
2.71828 3.54278 19.5547 1.3269 0 3.37553 8.70007 6.04965 6.3212 3.54278
6.66831 1.82212 11.2078 4.28886 3.37553 0 7.38906 1.88223 4.95303 11.1153
23.6243 4.0552 2.77265 8.38152 8.70007 7.38906 0 6.66831 1.49182 25.9394
12.5513 2.05672 7.68759 7.46313 6.04965 1.88223 6.66831 0 4.58667 20.6259
